422

0011130101. 80010113101.
001001. 800 001001.
0111101101, 1101101, 1001001101, 184.
Gippewicum. 800 11011101.
Gipping, 8111011, 85.

0111111111141116 0510511ὲ1ἐ11011, 0110111111, 8111011, 1

0101011010. 800 0101111010.

0101111111, 81110111, 41.

.........,1111110, 85, 86, 87.

.......... 01001, 86, 88.
0101111ἓ106ἑ11011001010,81110111, 26, 29, 48,

.......,111010101,104.

0101, [10301110001101 185.

......... Pam. Loioenter, 184.

01011010, 010101010, 1101001101, 188.
01010138 [in Η10101101],0101111133, 81110111,

01000101, 010101101, 1101000101, 185.
Glom11111111113311⁰u⁰ffi⁰¹d]' 010111131011.

01011113, 810001, 158.
0101001010, 0101111111. 800 Κ1001111111.

0101011110111 11011110 [8110111111 81111011,
1101101 01, 75. .

0111101. 800 Knipton.
0000111ἒο1110οά, 0011011, 1101000101, 185,

0060111113, 811101, 111.

........, 011101 01, 116.

.......... 11011130 01, 116.

00011011. 800 0011110111.

001010010 [in 110011111101], 001000011,
1101011101, 305, 322, 327.

001101οο1 [11 1011111011,]11’1111, 239.

0011111111 [11 810101, 0111111110, 0111110110,
811101, 100121.

00101101, 0013101101. 800001011101101.
000110, 811001, 150.
0010 [11 111110111111131011, wiltu, 208.

0011113, 00111113, 0011111301, 0111113, seringe,
811101, 128, 142 154.

.......... 011101 und 11011130 01, 167.
0011113100 [in Woet chutington]‚ 0011131031,
. 8111101, 159.

0011011011. 81110111, 88.
(10110οἑὲοἕὲ010010, 1111010010101, 81111011,

00111111, [1101111182.

0011011. 800 0000111 1110111000.
0111010111, 01011011, 8111101, 141, 156.
.......... 0111101 01, 168.

01011101. 8000111101, 11011, 011110111111010
and 0101101 1111101.

0101110101, 810001, 148.
010110111100111111011110 0101101]Ι 0101101

11101101, . ,
...... ,214001 01111101, 11111100, 218, 262,

......... [81110101 1101000101, 806. 822.
.................... 0101101, 0111011 01 , 816.

INDEX OF PLACES.

Ι enm& 1110818001, 01011101, 1101000101, 608,

1 .......... Templo. 0111101 Superior, 11010101,
Ι 111111, 111.

= 0101111οω131, 0101111311, 010101010110,

11011101, 176, 198.
0101011131011. 800 0111110101.
1 01011000101101, 8110001, 142154.
01010. 800 011110.
0101111131. 800 010101οω131.
1 0101001,110111101,180.
.......... 81011010, 800 01111001.
010101010110. 800 010101010131.
0101100100. See 0111010110.
010111, 110111101192.
0101111000. See 0111101000.
010101113101. 8ιο 0111110101.
01011011. 8ιο 0100111111.
011110[110111101000101],01010,111111101,190.
01111101ὸῗῖςιῗο11111, 0111111111, 1101000101,

0111111000, 0111101000, 0111101000, 0111101000,
Eut 0110 17001, 111110, 200, 16, 228,

.......... 0111101 01, 289.
1 0111111011, 0111100101101000101, 181.
0111101, 0101001. stafford. 14.
0111111000, 11011, 0101111000. 0111111000,
010101100, 810001, 184, 144. 146.
.................... 1010131 01, 140.
.......... 010101000, 11001, 8110001, 159.
, 0111110101,οη101113101, 011101111101, 01010-
1113101, wilte, 2011111101.
.......... 01111113101,011110101, 280. ’
01011, 1101000101, 186.
01011010. Sec 0101111011.
010101, 0101010, 8111101148.
.......... 110101 01, 104.
01011οὦ011 [ίέὣίηὴ 1111100011101110011011,
ita, .

ι 0101011, 0101010131, 10100101, wilto, 220.
0111000011. 8000101101011.
01110111131, 011100011101, 01111οω11103,

01110001113110, 81111011, 88, 41, 88.
0111011111, 0111111111. 800 01111101.
0111100101. 800 0111101011.
0111111100. 800 0111101000.
01111113101. 800 0111110101.
0101111113, 0001Ιί130, 810001, 188.
0111010111, 1111001010, 8111101, 124.
.......... 1010113101,108
.......... 0110101010-

110111111111, 118.

8111011, 118.

81. 81010101, 116.

81.1101110,118.
0111101, 0111010010, 1101000101, 166.
0111010110, 0111011110. 800 Gom-11.
011010101010). 800 11111110.

, 010101, 8111011, 88.

1 0111010010. 800 0111101.

0100111011. 800 0101113101.

 

