08

1101110111, Hugh do, 15.

1101011011 See 1110111011.

110110, william. 238.

11011. 1101110088.

Ηο00],2151ἐ100, 110000, Hune, Huuy, Ana-mim

.......... 11101001. 212.
..igaal-11, 142, 151158. 198, 241,

.......... Hubert. 284.

.......... Margaret (10. 1911.

1103011222ὃο .

111111111120.

.................... habel 11110 01. 125.

111111011011100100, 125.

1100001101). 8111111001.

1101101, william. 230.

Hwyoy, william (10, 205.

1111008, 1010. 309.

Hybm. John. 191.

Hyde, 111110. Hyda Juxta Wintom'am. Hydtle
(111). 00. 1101110, 11111101 01. 108. lm.
110. 1211135. 138, 141. 1511113201,
207, 217. 283. 284, 271, 278. 283,

0001101110 01, 282.

.......... Sec 11180.

Hykolyng. See Hikelyngg.

Hykke. 10111, 151.

111011101010. See 111011001001.

11101011, 11100100, 11001180, 194.

.......... 1011180. 258.

.......... 1101110080. 217.

1

1111011111. 1ἓ1ζ1110, 10100111. 1111111110, 11111111

e, a.

.......... 1100111180, 31, 44, 78, 81, 82.

11501. 1010. 78.

111011001010.1110100010, 1110100101, 1110111001.
1011100110, 40, 85.

Philipde. 85, 88.

1110811180, william, 39.

111031, 111010, 8810008110. 74, 80.

.......... 1100111080, 30, 74.

lngo. Yngo, 1001110 (10, 124. 125.

John. 219. 255.

.......... Thomu. 287.

.......... william. 110, 142.

10301000. 11011011 (10. 38.

1031101, 1031001, 1111010111, 1111111101 de. 232.

.......... Elin-beth (10, 82. 88, 244.

.......... 10111110, 82. 78. 80, 218.

......... 01110180, 37, 83, 200. 282. 211. 239.

.......... 80100100 (10, 73.
01000111110.

INDEX OF 1811118

1000101010010.
10010, william, 93.

1001111, (10. 800 111010.

1111011 Bona, william (10. 213.
1110010001, 1110101101. 1010 do. 18.
.......... william de. 2, 4 ,
11100101).6 Gippeu·icum.·prior 01 81. Pam.

· .......... 2101110101. See 1111ομ010080.
χ 11010011 (815011110111111000. (1001010 01, and

00001010 01 011018. 198. 198.
111101, 111010, 111010, 11001110. 178.
Philip. 303. 324.

1 Simon le. 241.

1000111110, 1110001001. 131.

, 11010001έξέ411011010. 11001. 00. 8110001. 100101
. 0 . ,

110, Thomu. 184.
11010. 1111100131.

ῑ 1110111101 (de Ederow. .1101111ηι·1’,110110011

00. wiltu. prior 01, 200. 239, 288.
1110100 1111111101. 1001000100110 [00. 1101001]Ι
100101 01, 291.

1

1 101101, 110οη. 133.

10100. 11011011, 81.

100100, 11101018. 185.

110111, 11101018, 185.

1011110. [op.de(}u1·din0]. 1100111οο, 157.
.......... 11011011. 157.

1011101110. Ι11011100, 148.
10110010111010001111, Roget (10. 118. 121.
11].1110111111. 185. ’
1010110. 8000010110.
1011111010111. 10131182, 88.
1011101111. See (101110ςο11.

10111131008011030100101 1011, 00. 801001,
Honry. 10010101, 1 .

.......... 0110011 01, 148172.
10111, 110111] 000 01, 309.
.......... 11011011 00001, 200.

1 Hugh 0000158.

.......... 1010 000 01, 58.

· Matthovson 01. 213, 214, ¹

11101018 000 01. 2.
10111, Thomu 184.

100, 11011011, 130, 148. 172.
1000, Τ100100, 148.
Jordan, Roget 000 01, 78.
10101), 11011011. 82,

1010011, 1010 de. 272.

E 1010110001, 184.

.111(1(1,1ο111, 241.

 

