INDEX OF TENANTS.

0515555155 (cicestram), 515555 51, 128, 129,
ἐξ, 166168, 140-142. 154, 155, 157,

.......... 5555115551, 140.

........., 5555 51, 141, 145.

........., 55555515551, 141.

0515551, Ohydyok. John, 252.

...,....., ........, 151351, 257. 255, 275.

05115, 1555, 52.

’ .......... mahol 10, 94.

.......... 1115555515, 8.

. 0511155. 11555355, 54.

0511155 or chip leyo [15 015551556511511,
prior 51, 11. ,

0515515511. See 85151555.

0515555553, 0555353553, 55. wila, pro·
5551155351, 294.

0515555, 1555, 154.

0555751. See 0515551.

053151, 1555, 151351, 226.

cicestrensis. 8550515555155.

0115555551, 8515555551, 1555, 211.

.......... 2155555, 76.

, 25355, 255. ·

ciram& 0155555155 [55. (115551, 5555151.

0155551. See 0155551.

01555, 5555155551, 56, 79.

.......... 1111555515, 55551555 51, 65, 66.
......... ,15535191

.......... 15555555, 66, 86.

01555555, 515535551, 5555555 51. 122124.
01511555, 5581111511. 55155351. 270.
0111555153. 1555 (15, 68.

01551515, 1555, 270.

, 01515555, 1555, 244, 258, 266.
.......... 11155555, 267.

clenefeld, John (15, 186.

0155551, 015555551, 0155551, 1155155 55, 104.

.................... hobel, (1553515551, 28.
01551, 01551555, Alexander, 28.
........., 115555, 254.

25155 15, 261.

1151155252.

.......... 11111155561, 78, 151.

01555, 1555, 259.

01555551555, 150.

0153555, 11153555. mmor 55, 59, 85.
.......... 1555 55, 51. 54.

.......... william 55, 26, 41, 51.

01535, 25355 5115. 160.
0111, mys. 2555555515, 59.

01111555, 0135555. 15551555 51, 121.

1555 51, 604. 605. 621. 622. 627. 628.
.......... 25555155. 600. 601. 622.

.......... unger 55, 197, 601. 621.

647

01111555-5551. ,
........, Thomas de, 1555 51 westmorland.

.................... Elisabeth 55115 51, 197 , 197.

.................... 1555 son 51, lord 5111551-
mol-land. 151351, 197, 198

........ ἰθέῃ, ,........, Thomas 555 51, 197,

.......... Walter, 266.

0111155, Adam 55, 50, 79.

0115155, 0135155, 11135155, 155 55, 206.

.......... 155555, 27, 46, 58, 180, 190, 191,

250.
......... 255551, 620.
.......... 1555551555. 184.

, ......... , william 55, 194, 267, 268, 251.

.................... 151351, 200.
.................... 55515111551153555, 59,
01155155, 155555, 610

.......... 15555555. 610.

0155555515. 2155555 55, 601, 621.
0155155, 15511555, 78.

.......... 1555151.

.......... 155351, 627.

.......... Philip 55, 51.

. ......... 2551555578.

.......... 1555155115, 90.

.......... Walter 55, 76.
.................... 1511351101.

.......... william 55, 56, 68, 76, 77, 78,
015155151555, 159.

01311555. See 01111555.

0135155. 6550115155.

01555, 255551. 150.

05515153. 6551155115153.

055155, 05155, 55. 555555, 555155 51. 165.
055515, 1151155, 96.

05555, Margum, 62.

.......... Potor, 94.

0551551555, 25355 55, 161.

.......... 11111155,148.

0555551, 05555555, Agnes 55, 277.
.......... (1115555, 267.

.......... 11555)1 55, 206. 208.

.......... 1555 55, 207, 256, 269. 271, 279.
.......... 1551151221.

.......... 11555515 55, 72. 120.

, .......... 151351, 252.
1 .....55ο....5.,55.
1 05555. See 0551.

05551555 (sic), 55. 855551, 555155 51, 155.
05551535, 1555 55, 607.

Ι 55555. menard. 144.

05555155, walterdo, 120.

055553. 1555. 151.

0533555515, 1533555515, 0533151115, 0535555515.
0535555515, 25155 (15, 24, 49.

11555511 55, 29.

.......... Thomu, 104.

.......... william, 151351, 96.

 

