INDEX 01⁴¹ 6111111166.

Κ

60110101, 60110101, 110101, 52.

.......... 6601110010, 52.

60110101. 600 00110101.

6010111011. 11106016, 277.

6010100006. 60060001001011.

6011011. 6006011011.

6010111106. 6011111111, 606160. 367, 819.

.......... william 60, 667.

11010010. 6061. 153.

6011001, 60110111, 60110011. 6011100110.
Parnon 60, 27, 66, 68, 96.

.......... 660111060, 47.

60111110110111011, 56.

60106101, 1100111 60, 82.

6011110116. 6010100116. 601116 611011111-

11011600. 1601111011, 11110101, 16177.

176186, 169, 191196.

.......... 1110601660. 161.

6011, 00011000 01 . 79.

.......... Margaret. 0011111000 of. 70, 79, 122,
126, 124.

6011, 606160, 126.

.......... 6010160126.

6011001016, 11011011, 156.

601101, 110060, 66. 69.

.......... margaretum 01. 63.

.......... 606160, 63.

.......... 6011010160. 68, 66, 66, 94.

.......... 11110160, 42.

1101600101, 1111111100, 66. 46. 41.

6016111. Paulinus, 366.

6010011011, 1111110100, 369,

6011111611. 61061160161611110111 60. 2⁰3.

6011101, 66111116. 0110111010, 57.

601001, 00. 61111011. 6061110, 66,

.......... prior 01. 54.

60111060116, 16601111060, 89, 96.

60110101. 600 0011101101.

6011100, 1106011 60. 214.

601100, 601110, 6061, 1811261.

.......... 1110601660115.

.......... william 60, 175.

60110601 [00. 6011010011, 0660101, 216, 215.

601110. 600601100.

6116011, 6011060110, 61160100001116610001,
’11101000 01, 109, 122.

6111100. Hugh, 18.

61110101, 1111μο101, 611110 60, 216.

.......... Philip, 161.

.......... 6601100214.

61111101 61. 61106001, 61111011, 00. wiltu.
1110100001, 285.

61161. 110110. 61160111. 6 161. 0066011106,
11110101, 176186, 92.

611101. 600 611101.

61111061, 606160, 185.

j .......... Thomu 1, 100.
ἕ ......... 600 61161, 1110111.

6101601. 6006101601.
6111. 600 6111.
6111101. 600 61111101.
610110. 60061060.
61010101, 6011160. 4.
610611. 6061 60, 11.
610110. 610110. 66111116 0110. 151.
.......... 6061601111.
61011011. 127.
.......... 6011011611, 151.
61011110. 11010 60, 265.

611161, 611116, 60611, 150.

.......... william, 01 6106101. 369.

.......... Γ16011100, 16001601, 166.

.......... 1601011101, 165.
6111610610. 600 1111110101.

6111110101, 1106011 60, 5.

61116. 6001111161.
611110101ἰ761116101010, 61610101, 1106011 60,

6111101, Hugh de, 6.
60061111. 600 60106111.
6011006010. 6000011006010.
60601016. 60060101016.
60101011. 600 00101011.
6010001. 6006010001.
6011060110. 6006116111.
611610, 6061, 611161. 125.
6166010, 6011160. 162.
1111011ψο116. 60060111101111.
6111, 11106016, 165.

’ .......... william, 165.

Kyngeford, 111100 do. 616.
6111001011. 600 61111101.
61113101. 600 611110161. 1111011001.
6111011111111011 60, 663, 624.
6111016. william. 156.

611101, 611101, 6061, 70.
.,.......,1110110100, 186.

611161. 600 61161, 110110.

L
6000062761οἒὸ oo. 161110, abbans 01, 268, 212.

6001, 6011160, 0011 01 6110011, 216, 215, 216.
.......... 6061 60, 136.

6066601100, 156.

10116010, John. 262.

61606. See [1110066.

110101, 11106016, coquite, 361.

tumbert, 111060110257.

11111111ιέ1, 4ΙΞο11181ἐ11110, 6011110110, 6011110 de,

.......... ’11101101 60, 66.

 

