366 INDEX 01 1116066.

611115605, 1055, 257, 276.
61005505,1055 60, 60.
61005011, 0050, 106.
61515, 150500, 266.
6105001151055, 256.

1 005115,1515,355.

1 6005, 601500,152.

1 60055, 1055, 257.
.......... stophen, 166.
.......... 150550, 262.

6105511115, 1055, 01 610551506 upon 5005,Ι Brona, 1505155100.

610556, 60100, 61

61556011, 660506, 624.
60605505, 605001, 210.
6510605, 1105, 250.

60101056. 1055, 65.
6015,110501,102.

.....,.., 1055, 102, 616.
.......... 6111105,102.
1101515505, 60100 60, 216.
60115, 1055, 661.

6510511, 6010001116οι56, 266.
.......... 150550, 65.
605601055, 105.

60500111, 1055, 266.

605555, 61050100, 276.

.......... 150500, 226.
600101055, 226.

6501015, 6050160, 219.

65005, 60. 600 6010.

65005, 655015, 227.

6515100, 1055, 215.
.................... 0105055155, 181.
6051551,1055, 01 65155000, 19.
60515555, 6111105, 625.
655055, 1055, 245.
60055555,1055,66.

600110, Philip, 101.

6500601, 6111155, 629.

6010, do 60050, 605005, 100.
.......... william 60, 60, 62.
60501, 6111155, 66.

6006605, 1055, 246.
60565101,1055, 16.

6056101, 60560151, 65501. 266 01 001.
.......... 6111155 60, 1117.
60555, 1055, 64.

6051,1555,146,165.

.......... 61050100, 66.

600050, 1055, 256.

6005515551, 1055, 265.

6005101, 6105006, 264.

6005, 150550, 01 6155506010, 10.

600555, 1100100110, 01 6055055050, 26,

6000000, 1055, 626.
.......... 605001, 626
6011100, 150550 601, 196.
601155, william. 256.
6010000055, 6105006 60, 55.
6015500, 601500, 242.
600050, 6105506, 224.

1 60565, 61050100, 276.

Brut, 6600506, 276.

.......... 1055, 275.

.......... ........., 01 6015605222.
, 6051511055, 238.

6016, 601660, 1555, 01 0556511, 20.
.................... 01 6001055015, 260 01 seq.
60115, 6501505 60, 105.

601110, 1055, 264.

60151555, 01 1115605, 226.
6011500, 61550100, 266.

65555, 61050150, 219.

nugo, John. 260.

65110, 11115005 60, 61.

651100605, 150500, 626.

6511151, 61050100, 167.
6515151055, 167.

6555151, 150550, 166.
65005516, 1055, 66.

650605, 1055, 267, 270.

.......... 601500, 160.

6501006, 1055, 626.

65015, 155550 60, 106.
65015015, 605505, 611.
650150051055, 106.

650505, 6505000 60 216.

.......... 11111105, 262.

6510, 1055, 26001 neq.

6105050, 605005 60, 1611.

0511556661, 1055, 216.
00160001151055, 102.
05110, 1055. 104.
05550, 601550, 216.
055000, 60. 600 65005500.
0556011, 10500, 226.
05515105, 155500, 221.
......,.., 1151100 60, 216.
00151515150500, 147.
650100, 605005, 104.
05010505, 6111155 60, 66.
carpentar, John, 266.
........., 605005, 622.
0001051055106.
05505011, 6111155100.
15001, 155500, 01 6105, 602.
05505011, 1055, 275.

. 0500500, cama, 10500, 61.

¹ .......... mpla, 00.
0510550, 6105506, lm.
0000151505, David, 246.
.......... 60100, 246.

 

