INDEX 08

81111111ἐέ11111011110 [00. 0110181 prior 01, ’

8110881308, 811180101111. 182182.
81101, Bygot. John, 89,

, .. nagor, 71, 84, 88, 88, 87, 89.
...,,,,,,, 1801111178.

81111113, 108181, 88.

81118011, 808111. 88.

8111800, 108181. 82.

811118Ἕῷ111, 8811118111, 8111101818,
1111100811, 8011111181111, Burman·

81111, Bunninghm, 7711111181111810).
11111180811111111, 11111111, 191.
.......... 80111 81. 180.
.......... william 81, 8, 7, 9, 10. 180.
- 811081, 101111, 188.
81181111, 8111118181111 [00. 811111 prior 01,

8111111, 1081181, 80.
.......... 81111018 81, 87.
.......... 8118118 81, 89. 80.

, 811118011811111181111, 8118118111. 81111180. 1

10. 1
.......... 8111188117, 10. ’
.......... william, 22. 1
81118011, Bython-John, 199. ²
.......... 101811. 241. Ι
111118ομ1100, 881118ομ100, 8111801111101, 1

8180011801, 1011111, 179. 1
.......... 8011181, 808. 1
........ ,1118111181 807, 809. 1
.......... william, 11113111, 333.

81111, 11111181, 88. 1
.......... John, 188. 1
808111, 289. 1
..1 ....... Ι1801111, 289.
.......... 1111111111, 208.
8111111018, 808111, 252.
8810811111, william 81, 28,
81111, 1111111, 49. ι
8111101, 1111110111 81, 188.
8111111, 10811, 011101181110, 884. .
8111108118, 10811101 01 John, 226.

81111081, 81111811. 188. ,
8111110111 (1111, william. 192. 1
' Blaunkpnyn. Hem, 81.

81181, Hugh 81, 805.

8111110118, Par’ 81, 48

81118111 (sio), 08811111, rector 01, 188.
81111188. 8111811118, 8108118811, 2, 8. 1
mepte 8101111181, 88.

.......... 8118118 81, 88.

810111, 1081, 818.

8111111, Adam, 88, 87.

.........,111118,88.

81011111, 8101118, 8111118,811111, Andron, 18.
.......... 8811018 81, 80.

.......... 8111110110, 82, 79.

.......... (1108111 11, 281, 272.

1888818

mount-cone.

.......... 811811, 2, 18.

1081 81, 179. 248-247. 808, 824.
.......... Thomu, knight, 331.
8101118111, 8101118118, John 81, 88.
8101111111, 1111111, 178.

8101118118. 8118101118111.

811101, 1081, 208, 207, 208.
.....,,,81111. 279.

811118, 207.

811118. 8118101111.
81018111, william, 284.
8111811101, 80811181, 88, 88.
811111. 8118101111. ι
8111811118. See 1111111118.
808111, 18011111, 282.
80811101, 1081181, 281. .

’ 80111111, 8011111 800111118101118188.

.......... John 81, 129.

.......... 81080111 81, 88.

..., 81118 81, 81, 84, 98.

......... william 81, 88.

800111181, 80111018, 80110181, 8011110181,
108180, 199, 282, 289, 287.

.. .. 1110801111 81. 88, 98.

.......... 1711111111, 241.

80011111. 8118118130.

8081118111, 808111, 280.

8081, 88111118, 181.

8081111, 80118111, 80118111, 8811111118 81, 271.

........., Hem-y, 271. ,

1111111 81, 140, 148.

.......... 1011181, 88, 44, 82.

¹ .......... 108181, 70, 128, 129, 142.
1 .................... 10111 1111101, 188.
’ ......... 1111111111. See Northumpton‚ 0111

01.

’111111111111111111 1111111111. “

8011181111, 80111811, 1111881, 88.
.......... 80811181, 84, 88.
8011111111, 14111, 149, 180.

.......... 8011111, 180.

, 80111111. 8118011811.

1 80110181. See 8011111181.

V 8011111111101111, 1101111.
1 8011, John, 184.

.......... 1711111. 88.

1 80101111081181, 84.
1 8011011811. sn 8111111011.

801180, 11111018, 88, 88.

.......... 11011, 88.
........ . 8108118, 88.

, 8111101, 88.
...... 81111811, 88.

.......... william, Ἃ.

8011111111. 8118118111.

 

