894 INDEX OF JURORS.

1100011, 1010, 103.
110001, Hem-y, 148.
110000111010100, 10.
110001, 1010, 324.
11000000, 1010, 74,
110000101010, 149.
1101100, 11101000, 224.
1101000, Thomas 00, 107.

1100000000, 1101001, 100.

1101001010, 102, 221.

1001100, 11011000,1ο1010, 01, 152.

110000010, 11101010 00, 80.

11000000, Mem, 11111100,152, 104.
1000101010 0110, 201.

’ 1100113010ἱ 110111, 01 worcester, 10100, 310,

monton, John 10, 213.
1100101, 110000, 227.
010101, william, 320, 328.
1110101, 11101011, Potor, lw.
.......... 11101000, 325.
1101011010, namon 00, 48.
101010ςο000, 1010, 104.
11ὶο01100, william 00, 0100111 01 8011011, 48.
1111000100, 11101000, 331.
111100, 00110010.
11111, Mille, Myll. 11011, 110110, 110100, 1010,
01 0100011, 20.
,..,.,..., 0110, 273, 318.
.......... 11010100, 287.
.......... 20111 0110. 215.
.......... 11101000, 331.
......,.., 0110, 277.
.......... william 0110, 277.
1111100000, 110000, 217.
11011000,1010, 152.
11001, 110001,1010,233, 205.
10. 213.
11000, Hugh 0110, 222.
1010, 318, 331.
.................... 01 Ρο01001010, 19.
1100010, 110010, 1010, 210.
.......... 11111100, 218.
11οο1000, 1101001, 259.
1100101010, 1010 00, 213.
11001,101001100, 148.
1100001, 101010, 51.
1100011000, 1010, 251.

........ ,11010 0111010010 wamy, 20001
tq.

1101, Augustulo, 51.
1001001010, 00.
1101111010. 80011111.
11011101, 1010, 100.
100100. sumn.
11010000, 1101001, 227.
1100001, 1100000, 215.
1100101, 1010, 102.
1100100000, 11101000. 273.

11010000, ’.110000 00, 101111, lm.
11001, 1010, 80.

111100111Ηί00. 100.

11111. 80011111.

110111, 1010 0110, 225.
1101001010, 320.
110010100110000, 31.

11001, 1110100222.

11010100, 1100001000, 07 .
.........,10000 00, 30.

11000, 1010, 101,

11001001, william, 010010018100000, 17.
Nema. 11000000, 11011202.
........,1010,202.

.......... 11101001311.
1100000031, 11011100 00, 100.
1001001100, 1010, 811.
North, 1100001232.

.......... 1010, 01110101, 102.
....,11111100, 235.
11001οο0, 110000 00, 85.
.......... 0101100311.

11010, 100010, Alsa, 80.

.. ,1010230
1101010000, 1010, 110.
1110011100, 11101000, 320.
1110, whom 0110, 251.

011110, 11111100, 202.

0101000, william, 247.
011000011101000, 107.

010010110, 1100000, 010010018011011, 00.
Onam. Ι1100000, 152.

0001000, 1010, 311.

.......... 1101001, 01 1111100101, 20.
00010000, ’.11οο00, 01 11000101, 20.
00101, william, 99.

01101010, william, 103.

ms. 1010, 200.

1001100. See 100100.
Pago, 11101000, 103.

.......... william, 213.
1010001010 10, 00.
.........,1101001,101,107.
100100, Thomu. 204.

100100, Hugh. 020.

.......... 101010, 50, 103, 825.
100000011111100, 257.
20010101,Βί01000, 242.
1001010010,ὣο 00.
.......... 11111100, 202, 271.
1010000100, 1100000, 235, 251.
.......... william, 220.

 

