440

21011001, 2101100111, 1101000101, 187.
2000010010. 800 20110010.
2011111οἓ0 [in Εω1000011], 2061100101, 81080111,

2010010110. 800 2010010000.

2010. 800 200100 and 20010 1100000.

2010000110, 2011οε00110, 11010101, 180.

201100, 2010110, Pali palinge, 2011100,
800100, 128, 142154.

......... 20100000, 00010001, 167.

2011001100. 800 2010000.

2000000110. 800 2010100110.

201011002Ἆο 1110100000, 2011001100, 801100,

20101001201110110, 20101011,8011011,27.12, 68.
.......... 1110110101, 104.
201100. 800 2001100.

2010110, 20100000. 800 201100.
2011101οᾑ04θῇ0 winkfleld]‚ 2011101110, 111110.

2001111010. 800 20111010.

20000000, 20001100 8002000100.

20010 1100001, 2010, 111110, 200, 286.

.......... 0011101101, ml.

200100 [10 2010000110],2010,110111101, 180.
20110110οώ2οἑξο10110, 2010010110, 800001. 129,

2011011ῧᾶἑο 1010101010, 2001100, wiltu, 200.

2000001016, 2000100000οο, 20001000001100,
81111011, 46, 77. .

2010011010. 800 2011000010.

20101110. See 20110100.

2010010110. 800 2011011110.

20110100, 20101110, 111110, 206, 281.

........, 000100 01, 202.

Poulnhgz,2 22ἓῖ100001ω, 2001000011, 1111111,

.......... 0110101101, 291.
200111101οἑ0 1101011001 2111100000, 1111000101,

20011011, 201100, 1111110201, 214, 261.

......... 00010001, 286.

20111100. See 201100.

20111011, 2001101, worcester, 800, 322, 827.

.......... 00010001, 814.

20001000, 2000000, 20000000, 200000,
800101, 120180, 182.

2001101. 8002011101.

21000, 21000, 01000011 01, 8111101120.

2100010010. 810211οω10οφ0.

21000010, 21001001, 111110, 0110101101, 283.

2100101010 [00101010], 1101000101, 185.

2101100, 21001000, 81111010, 28, 43. 68.

......... [near 8110111001, sm, 181, 186,
1³9,144‚172.

......... [10 8101101100], 800000, 108.

.......... Rogat, 21001011, 1110111101, 178, 187.

.......... 8001, 2101100 juxta 110011011800001,
1281112154.

......... [110011 10 2100100 00000],
11011οω01011, 10100101, 180.

INDEX 01⁴⁴ 21110118.

2100111018, 1101000101, 181.

2111001οο100 [111 8100001011 Antion, 2101000·
thorp, 1101001101, 184.

2101001001οο, 210110 0010, 1110111101, 193.

2100001οο10. 80021100100100.

21000. 800 21000.

2011011. 800 21111110.

11110οἙ11 gamno, Pulborgh', sm.

2011110000. 800 2011111100.
2000100100. 800 200010100.
¹ 20100οὣῗο 82¹³&de 2010011, 1101000101,

201100, 20101000, 111111, 202, 201, 262.
......,.., 0001011 01, 287.
1 1111112.οἒ 11010 noum} 1010011010,

1 1111. see 1111.
2011001ἰῖ110, 2001000010, 2011100001, 801100.

........, 00111011 01,116.
, 20110001100. See 20100110.
Ι 201100. Samon.
1 2011010, 2011011. 8002101110.
11000101.. 1011111101οο
“ 2000000000. 800 2011011000.
2011100, 20011010. 800 21011100.
2011111001. 0001001001.
20110111, 21111016, 801100, 0001011 01, 117
20110. 80020110.

2010100. 8002111110.

Ϊ Q
² 0101100111. sa 0111100001.

0000010010000,000000010000,1101000101, 181.
Ι 011011001ἕο 8000011001, 00000110, 1101000101,

· 0000000100011. 800 0000010010000.
0001111100. 800 00010000.
011111οῧ0130 ἐξ. 111000οω111 Quodnam,

0101100205 [11 numum, Kmbnll, 11111..

0110101100 [10 8011011 upon 8001], Quanam.
1101000101, 181.

R

2000011001οο 800 11011000.

1100100, maone, 801000, 140.
.......... 8010100010), 0001011 01, 170.
.......... 001100 01, 164.

.......... 800 11110 1101100.

 

