400

AlmOdiffifiton' 11166611661161661166, 866661. ’

......,.., 66616661, 161170.
1166, (11661, 1116661 (sic), 11616161, 176.
......... ,1711811116 [1611166066161661 Warwiek.

1166166616, 1161666166, 8611616311, 41, 86.
11111116. See 11611666.

11161666, 61611616, 8, 1118, 21, 22.
1166166,11661661. See 11166166.
11616666616, 116166611616, 81611616, 11.
Alta 01111611. 61601161, High.

11166166 [16 21661611 116166, 11111666,
11111611. 6666111, 28, 2912, 68, 69.

Alton, 1116166.81611616,16, 18.
Alton 911411)111 6616666], 116166, wiltu 196,

.......... 66616661, 290.

11166 [in Boon, 1161666161, 329.

11166 861666, 161166 Berua (6616611),
161166, wiltu, 201, 271.

.......... 66616661, 286.

11166 {aigum 1611611, 161166 Primis, wiltu.

......... 61166 om.
116116666166. See 1111161611.

1116666166, 1116661166, 1761666161, soem.
612, 616662.

.......... 66616661, 616.

1116661. 6661616661.

1116611166, 11166166,11166111666,1116611166,
1716261261.

.......... 1166111661266.

11166166, 1111111166, 11611161, 176.

1116166. 66611166.

111116616166. 6161166166.

1116666611. See 116616611.

1111611116. See 11661161.

111611661116166. 866111161166.

1661161661 [16 1161166661 1661661116,
1141116ὶί1116, 16161116, 866161,160,111.

1166166616 [16 016 8111616161 16166616 116616·
661, stafford, 9, 16.

1661166611. 661 1111666611.

1616166161. 666 0616616161.

16166616. 1111616661. 6161666666..

161666ἳῇ 1116666611, 16616666111111111,

.......... 66616661, 288.

..., (11661, 240.

......... 1111116266.
.........,11161,2·10,241,212.

11616111οῶ [in 266166116116116166, 1116116161,

Ammon, 11611666, 866611, 61, 16, 76.

16116166. 666 Amington.

Auentigh. 66116611,

166611. 1166166161.

1611661161. Euat, Entnngmaring, 261
161166116166166611, 126, 161.

.......... 61161611 61, 167.

INDEX OF PLAGES.

Aunington [16 61. 11611111161166 alias
61261616Ρ6616,861166,1 ,m 161.

166161, 166116, warwici, 179.

166111, 161611,16611,21616161, 176, 196.

166161Ρ6616116, 166111, 1161666161, 182.

166116. See 16111.

166116. 6161116161.

111611, 16661136, 166116, wiltu, 212, 261.

.......... 161116, 6116161161, 264.

116161. 66611161.

1161166616. 6611111161616.

11111661, 1111161, 1161166161666, 198.

.......... mmor 61, 197.

1111661616,1161166616, 1161116666, sonex,

666661, 171.
........,,ρ61161161, 167.
App· (ἐο611 [1121161166 66 16616661, Apu,

Αμοι [611116111,1μ1611,11116, 161.
111161831113411661 mh Epoley,

1161111666. See Appledmm.

11616166, wiltu, 270.

1111161161, 2116161611, 86161, 129.

116161, 8166616. 66611161.
116111311ἓι111, 11161, 1761616161, 66616661,

Arm {in wammam 0166166. wn-

11111, 1116111171161611, 116161, 1116161616),

66111616, 9, 16, 16, 21, 22.
111111161666161. 6161161111, 11111ςί.
1111111166, 21116166, 661661, 162, 176.
1166661, 11166661, laice-eor. 181.
111611,1116,’116116, 12611161, 178, 192.

- 1116116611. 8661166661.

1111611116 [16 81. 1116661661 21166666,
&dom 1111161666, 861161, 106, 111,

1161616, 11611. 66111111.

1166661, 1116116611, 861611, 128, 110.

666166 6666661616 61, 167.

16161661, 1666161661, 1111666161, 161.

1616111716, 268.

166, 161116, 661161, 108.

.......... 66616661, 119.

1666661161. 11161, 16116, 8611611, 66, 12.

116661666611116111661666661, 16166666166111,
861611, 162, 160.

111161, 111661, 6611611, 66.

11661, 1166661, emt, 1111661161, 181.

111161, 1116661, 111116, 1161661161, 181.

11661 66 16 26666, 166661 16 266616,
1116661111, 182.

111161 Pulvillo, 1166661, 1161616111, 180.

16116. 6611661666161,

1611661 16 2666116. See 166616116 266611.

16661616. 6661666116.

166111. 666116161.

1110an {grum 111666] 11611166,

16611666. 6611661611 (116616.

 

