INDEX OF TENANTS.

Dioleburgh. See Dikeleburgh.

1110011101ἓο, 1101101001οε, 00. 8108018. 01110101, Ι

1111010801111,8101060110111010008068.

......... , 011011101094.

1110101001, 1110110000101. 801100100001.

111100, 1110110100. 01011, 274.

1111100. 1111100, 81011018, 269, 279.

1101101, 1101101080301, 152. 158. 161.

1108. John, 33.

Doddingseles. See Oddyngwles.

Dodeleg. See 1108101.

11081100, 8011011 80, 11.

110301, John, 241.

DoigneH, Peter, 271.

11010001, 8011011 80, 6.

11011100, william, 231.

1101011011, 11011011 00. 1101010. 11011100,
11010110, 108180, 59, 60. 88.

.......... Ρο10180, 88, 59, 88.

............. 1110110080, 88.

1101011018, John 80, 104.

1101100100, Roget 80, 22.

1101, John, 152.

1100001001, 111001001, 81100, 804. 824.

1100108010, 110811ομ10110 80, 187.
1101018010, 8011111, 803.

......... ,1111110111808

11010100. See 11010100.

110110, 80301, 0110111011, 81.
1101110110000, Adam 0110, 148.

.......... 801110110, 127.

.......... John. 148.

.......... 1110110100 0110 126.

.......... william, 150.

110111, 110111 (uc) 110110, 110111, 88110118, 21.
.......... 10110, 8, 11.

.......... 8101111184.

11100011, 1101101, 165.

8101001018, Roget, 59.

11101001, 11101001010110, 125, 120.
.......... Philip 80, 18.

.......... 0010110111. 1
.......... william 80, 8, 388.

.................... 1100011110 01. 8,
1110101010. See 11101100

111011, 1110110, Thomas. 288, 258.

.......... 1101100208.

1110100, “611311103 22ξοῇο 1110101010. John.

11110111. Simon, 182.

11110011101100. 8001110100.

11081011, 81011018, 184.

1108101, 11080101, 00. 8108018, 11110101, l.
11011018. 8001111018,

1100001, 101110 64.

110001001. 810800001011.

1100010110, william, 269.

1101111101, 00. 80001, 11110101, 77.

110010. 8001101100. 1
1
1

1101101011, 1110110100 80 51.

801011011110. 110ηο101111, 1111110180, 242, 257.
1111111100, 80. See 1100011011
1101801180101 8.

1101801. 1110110100, 285.

80101018, 11011018 [000. Southampton 1108
8000011. 0111101 01, 156.

Dux-vassall. 11100100, 178.

11018010. 801800108010.

110111, Ηο111180, 249.

.......... william. 232.

1110111018. 111011οὶ018. See 1110101018.
11111, John 80. 0100110031.
1111111101,10111. 122, 128126. 190.
1111110101, 11103010, 81011018, 820.
......., Thomna, 01 (1110110100, 882.
811110180010110. 149.

11101, Ρο101, 150.

1111101. 8101111101.

8

“ 1101111001, 0010101010, 111.

Ι .......... 10010101, 164.

.......... william 80, 155, 164, 247.

8001800100, 80010, 00. 800001, 10010101 the
0110101101, 188.

800101Ξξ41110110. 111110, prior 01, 262, 268.

8601000, 80. 80010111.
8011111801, 1111111111 80 148.
8011013101,491150 ..Euhynghm 8081110000101100

.......... 1018 01, 1149, 160, 151, 172..

.......... Τ1101010,149.

.......... 1111111111 80, 181, 188, 189, 144147,
8801100101ιο 73.

8801011080. 81011101101011

88101101, 8811131011, (1110080. 18.

88113101, doegngdon, 00, 1111010101 01,
225, 2 229 288, 260, 278.

8811011,10111,62.

881018, (1111101110, 241.

.......... John, 231.
8811380188111101. 8088111100.
Qssfflaeham John, 150.

1 8101100101, 8101101880, 184.
Ι ’8106110110ιο 1111111110 80, 181.

811, John, 201.

= 811001. 80111, 75.

.......... John, 75.

81101101, John, 198.

Ellis, Margery 1110 01 8011011 000 01, 279.
8111101, 1111111111, 142.

· El1nerugge,ssob0rt 80, 802.

 

