INDEX OF mons.

110010, 60. 800800000091011111.
80110 8111000ρί, 11111101. 800 8001101.

1 11116001811001. Su 8111101.
. 81001100. 800 1100100100.

8010101100,11011010100,11’010101, 174, 189. 1 1110601100. 800 8106001οο.

Bul-ne. 8001100150οτ00.

nummu. 800 8100000011.

8011111010. 110 010, newham, 8111150ιο,
8000001 8142, 154.

........, 800000, 1101101101, 165.

801000 00 15011111, (⁴⁸ 110010 ”), 8165010015
(sic), 1101000101, 185, 1861

80101001, 80100160011100, 81011016, 3.

1111101011. 110οΒ101011.

1111001011 [10810110],11001·011001οο, 8011100100,
81011006, 1121.

Buram, 801001, 121.

........ , 1101010100, ohuroh 01, 119

80101006. 800 1100101016.

1 8100, 800000, 134.
1 11101[10801110110015001108010100 1110100, ,

805011. 87, 91.

8101111011. See 11101011
81111ος5010. SeeBirlinghnm·
Byrmynghnm. See Birminghnm.

810100. Su 11110100.

810011ομ05οΙ1. 800 Β105011011011.
Β10011011001000. See 8105010010ιο.

5105010100. 80011101101011100.

. 1110505011. 800 8110115011.

² 81000101. See 80011101.

1 11100ὴο10100. See 8105001100.
1810505001. 800 Βο055011.

Burtheburyfflurthyngbury. 8⁶⁶ 1114146111· 'Byoehopeam 00 0111110011. ’

8110100, 800000, 131, 144, 148, 151.
800100, 1106010100, 800000, 153.
......... 1101110100, 0110101101, 168.
.......... 000105 01, 165.

8011001111110, 274. 800 01008οο1100.

’ 11110100 [10 160001 Βο011011, 11110007.

8001003ἓό 110001· 8011011 1111100, 1100000101,

801100 11001010. Boroughton, Broughton,
1111110101, 176, 193.

1101100 [11000101101000100 156.

1101100 [00 1110 1101601 1001000101, 181

11011011 [000011 1101000101, 185.

801100 [upon ’110011Ι stafford, 14.

Βο100060011010. 80οΒ01010111.

81000011, 8011500110. 800001, 183.

8000000100. 800 8000100.

Bury, 800000, 142.

Bury 8ἓ2 1160111060 (800011 86100061), 805011,

0011111, 01110101, nimbum 01011101,
stafford. 10, 1011, 11.
1111111111’1,1“1111111111

800111οῧ [ΙιὲιΙ gasto Pypurd]‚ 1111501100ωο,
1 , .

8000051. 800 81101151.

8000010. 800 810101.

3011000000, 8010110010, 111110, 8114.

.......... 0110111501. 283.

801100100. 8008166001000.

8015011, Βο111010, 8011011, 35, 64, 98.

80110. 8009015111.

8110100, 8011001000, 805011, 57.

810500001010. 8001100051ος01010.

5160011. 8008166015.

816001, Β111010, 11111010, 801001, 169, 198.

.......... 0111100501. 117.

........ ,1101101194

Bygomger, 5115οο00010, 8115011000. See
ignor.

Bygyubull. 800 9101005111.

8100150000. See 8151010001.
81010100. 800 1100101100.

(1

(106051, (101051, [01000100. 183.
001600010,11010101, 198.

1011100111. 0001101111.

(101600. See (1001600.

· Galatam. 800001010ηο 110111111ωο.

(10110100. 8000001100 (10111110.
caluo, wiltu, boroussh 01, 199.
.......... 050105 01, 11005006 10 80155011, 287.
(10101000 1101Ιί01100, (1111001000, Galam,
wiltu, 909, 216, 229, 247.
Onmbetiw221L (1001010011, 800001, 101. 126,
t

.......... 0110105 006 01001010 01, 112.

(10011000 Aah. Anh, (10101000 01 Aha,
8011011, 90, 93.

emin& 1111, 11000111ος00, Commu,

1110, 204. 272.

.......... 1110000111, 01100011 01, 264.

........ , Allan-ayugo. 00050116 01, 288.

(10001010, 8101101110, (10010100, 11110100.

.......... (100111ος, 0100001001, Μ.

(10011001, (1000151101, (1000010, 8105006, 17.

.......... 0500050181.

Omma. See (10001030, All.

(10011101. See (1001111110. 81011011.

1100015011. 800 (1000001.

(100001 110001. 800800006016.

(10010100. 800 (10001010, 11105011.

capul, 81. 14116000, (1011010, 8011011, 49

..μωὲξᾛίυῃ (101010, ospello, 8011011, 85,

(10100600. 800 6010100.
(1010608361ιέ 111111δῖ130 011 ’1101001 1100000100.

 

