INDEX OF JURORS.

halyn. 6166616, 19.
96111161, 61611616, 106.
9616, 1666, 96061116.
.......... 666611, 969.
96666116666161, 61.
9666661, 9666666, 16611, 916. 966.
9666, Andron. 147. 149, 167.
961611, 1166666696.
9611616666, 91111166, 166.
96116161, 1666, 149.
96666161, 1666, 149.

96666, 19111166, 940.

96661, 66661, 60.

96611611, 1666, 611, 616.
961666, 91111166, 960.
96166. 61696116.
961611661666, 109.

96161, 1666, 101.

.......... 666611 666 61, 69.
96111, 96111, 6166616, 916.
.......... 19111166, m.

96116, 91111166, 966.
9611666, 1116666, 169.
9611166, 966666, 166 younger, 165.
96116669116666, 146.
Pan. see 16111.

9661166, 1666, 66, 916.
96611666, 666611, 699.
916166, 96616996
........,1666,996.

.......... 19111166, 109.
96661, 1666, w.

Poddyng, 1961161, 696.

9661, ’966666 16, 96.

961616, 19111166, 191.

9616, 99111166, 976.

9666, 1666, 966.

96161611, 61666111, 61 0666111666, 96.
96611, Adam. 61.

91616, 1666 (16, 64.

.......... 96661611660.
91661, 1666, 966.

9161, 116616, 74.
916111161666, 109.

91661611, 1666, 949.

.......... 19111166, 164, 167.
91166, 1666, 696.

911111, 19111166, 146.
9161661116, 1666, 967.
9161611616, 1666, 970.
96166166, 661611, 616611, 90.
96111616, 61666166, 961.
961161, 666611 16, 74.
9616666, (1666161, 61.
91116611, 9616611, 1666, 611, 616, 616, 699.
9616661, 19111166. 991.
91661, 1666, 916, 991.
96666166, 1666, 960.

9166, 961116, 967.

9661, 96616, 61666166, 611, 616, 696.

9611666166, 19111166, 946.
9666616, 666611, 94.

966661, Immo, 960.
966616, Roget, 917.
96166111666166, 101.

96116, 19111166, 940.
.................... 6161116166, 16.

6111191011, 11116611, 61 1111666] 961116, 197.

Quale, 1666 (16, 919.

Quium, Quyntoyn, Qum, J 666, 947.
Thomu, 977.

.......... 99111166, 916.

Quynt, 19111166, 699.

(16661666, 6616116. 6666616116.

(1616619666, 101.

614116, 61666111, 100.
.......... Thomu, 100.
6666661, 61666111 (16, 160.
6666616, 16616666 de, 61.
nandolf. John, 969.
Bam, 6166616. 996.
66666666, 1116116166, 101.
666116, 16611, 946.
66166666, 1666 (16, 197.
Rode. John 16, 60.
.......... 6166661, 996.
66666161666, 1111, 101.
661666. ste Roymu.
66116, 61666111, 99.

66661, 66661 de, 160.
6616. See 666.

nemu, John (16, 94.
.......... 61666111 (16, 70.
66166111, 1666, 960.
........., 666611, 916.
666661, 666611, 993.
61666111. 1666, 917.
6166161, John, 104.
6166666, 19111166 do, 61).
666617616611, 100.
nagor. 666661, 1666, 966.
.......... 19111166, 106.
6616116116, 666611 (16, 46.
11611, nom, 1116116166, 966.
.......... 66166, 940.
nomem, 6616166661, 1666, 690.
.......... 91111166, 696.
666666, 1666 de, 916.
1166116, 666611, 947.

μω6Μ6

memmmm

66661, 6166116661.

“ 66116, 1666 16, 916 et 616.. 967.
1161116611, 1911116111, 979.
hylle, Nioholu, 919.

 

