882

100001100001, 1000 80, 41.
.......... 81110000, 82.
101000011οο0, 148.

.......... 1000010 01, 181.
10000100100101

1000001001000000100. (100001, 282.

...1000110030οω001

ΜΗ887181,82,88175. 177,179. 180
181. 182188, 184, 199.200, 202, 208,
2111200208. 212.

.......... 1100010001 01, 82, 88. 85.

John, 800001, 272.

lancastre, 1000001010. Henry 80, 208, 206,

208, 214, 215, 217, 218.
......... 1000 80, 198,
k'uight, 198, 198.
.......... Roget 80, 198.
Inda. 8001011080.
1000, 1000 atto. 79.
1003010. 8810008 de. 175.
.......... 1000 80, 178.
langeton, walter 80, 55, 98, 111.
100ῄο08. 8001100ςὶ08. ·
langham, william 80, 47, 71.
1003000100. 80010οω00.
100ςο0001. John, 151.
1001000. 1001001. 800010010000.

Impleyhlappeleye. 00, 8108008, prior 01, 16.

Largo, John 10. 82

.......... ffimwffl

10010, Margum, 185.

100100. Thomu, 143.

101110οἑ3 1035000 100000 10 85, 88, 41 84,

.......... 110110 80, 82.
william 80, 109, 122.

100000. 1000000, 1000, 87.

1000, 55, 82, 88.
1110οο100 80. 82.

lau-enham, John 80 88.

.......... william 80, 29.

1001018, Alme, 81.
,Ro..be,rt 61

1010000. 8001010000.

1250, 1010010, 168.

1000, 8100008 0110 98

100800οη. nogarae, 809, 820

10800. (10080180, 168.

· .......... 1000181.

100, 1000, 1000, 1110008 (10, 284.

1000 80 10, 89, 70, 98, 128.
1100001880, 18.

11100001 80. 5, 12,

william (10 10, 29. 48,
1001. John, 20.

INDEX OF TENANTS.

100000. See 10000.

Inger, 0110001, 810.

1030. See 100.

10ςο00. 8001013000081010.

Iagis. Seelaeighu.

1101000100. 1001000100, 00001 01,181, 182185.

8001001222. 280 281.
...eorl 01, 240.

ι 101000, 103000, layas, hym,

8000010010001884. 54, 88111111οῦ
11010100. 10000018 80. 80.
.................... Margaret 011001, 80.
1010100, 1000100, oo. 8011010, 00001 01, 88,
58, 80, 90. 9495.
1000088180000, Henry. 01 111000, aequiro,

.. ......,1000 (10. 801. 318.

.......... 11100οτ8 80, 807.
.........,11ος0(80.807.

.......... 10000080, 808.

.....-..., 1111110010801318.

100000, eo. 800000. 8001.γο0οζ

100010. 11100008. 86.

1000101οὲ21οἒ3ἑο0010, 1101008, 01 1110010101.

100100 [00. 8018030001 prior 01 . 186.
10000000, 100000 [00. 110011 0000101. 115.
10010110 [00000101 Thomas, 60.
000100ος0. 8008100000.

1010101011010. 8001101100.
100110000800100100000

1010100, 11111100,81.
10001081000000110149.

1 .......... 1000000110, 140.

00000100, John, 81.
memore. 800 010000010-

. 10101. 80010001.

Im, 1000, 10000101. 10001, 8100001, 41,
80100080, 33. 5883.

ἶ 1000010010, 00. 800000, (00010 01 , 118.
3 ,,,,,,,,,, ἕωο0οω00ου0

172, 188. 284
100100οἕ 1110601000, 1001011000, 80001 80,

Ὴο0οᾘ00οΗ0

.......... ’100000 80, 55, 132, 145, 150104,
.-fffffflffifflflma

10010, Hom-y 80, 128.

10100οτ0, 1000000, 8030180, 197.
.......... Simon 80, 805.
1070001000. See 10100000.
bayon-tre, 110οη 01 Gomon, esquire, 888.
.......... 80000180, 808.

1010. 800100.

[noyn. 8001013000081010.
Iamba. 8001010οι.

00γο00, 1000 108101. 79.

.......... 1000 80, 82.

: .......... 1100001 80, 242.

 

