342

Bonvylg.5 130001110, william, 101151, 220,

3010511. 'See 30110501.
3010010, John, 149.

3010011715, 30100110, 00. 1701001101, 1550101,

3010010, 31050101, 212.

30101010, Walter 00, 308.

301111. 300 31115.

3011501110. See 31111115.

30100, 00. 3003011.

30101111, 31111111( ’ 1. william, 183.
3010101, 30101101, See Butler.

3010101111, 3001010011. 3011010111, John, 33.

45, 55, 190, 302, 323.
3011111110, 3001011510, 17115010. 43, 66.
3011101. 30111101. 300 Butler.

30111101, 3011011, 30110101, 31110111 (110).

1011111 111.

.......... mmmmmmm
258259

3011010111. 300 301110011.

3011015101. 305011 01. 49.

30005111, 011101, 217.

30001. 300 31111.

3005110, 30011110. 300 305110.

30010511, 3010501, 3111150501, 30011, 194.
.......... william, 10111198, 101.
301150111, 311111, 166.

30011, 300 3111501100.

3011100, John, 243.

.......... william. 150.

30011500. 3001100. 300 311100.
3011010011. 300 3010101111.

3001011510, 300 3010111010.
301130ᾁέ01110, 301111. 301110, 1010010 00.

.......... 1111110011, 33. 37. 38. 58, 61, 62.
04, 83, 38. 90, 91, 92. 157.

........, 101151. 90. 91.

3010101, Willium 00, 7, 14.

30101050, 152, 155.

3011111, william, 05011111, 152.

3010, 11001100. 208.

30111011. 30111010, 1101111111, 00. 301101
prior 01. 108, 141, 156. 157.

301101. 30110 [0011101]Ι 1550101. 122.

30111000. Hugh 00. 28.

.......... John 00, 28.

.......... 3010101, 106.

.......... 3105110 00, 24.

........ , william 00, 53.

30111101, 30110000, 30110000 3011000, John

00. 34. 35, 39, 52, 55, 56, 74.
3011, 30100, 051111111101110), 309.
.......... 1110501111 01. 10.
.......... 3050110125. 28. 50. 56. 66.
.................... 1100111110 01, 23, 50.
.......... 3010101, 66
......... 81011500 00. 304. 324.
.......... Γ15010111 01, 9.
.......... william 01, 27, 68.

INDEX OF 73351113.

,1 3011011, John 00, 64.

1 .................... Sibyl mother 01, 34.
.......... 01501100, 98.

.......... 1011111107.

.......... william 00, 25, 35, 37, 49, 64.
311510, John, 149.

.......... william, 151.

31151100, 30101, 185, 185.

.......... william, 184, 188.

1 31101, 31100, 3111, John, 111οἰ11. 330332.
.......... 3105110, 01 21105, 303, 324.
311115101ςο, 3100051113, 101111, 179.
.......... 31115191.

31101, 31101, 305011, 307, 310.

,........, william, 307.

.................... 01 511001111010, 327, 332.

3110001115. 300 1111010 3110111.

3110001010. 300 310001100.

31101101. 3001111010 3110101.

3111001010, 311010, 11101110, 23.

.......... william 00, 309.

31100011011.00.171111, prior 01, 207. 209,
211, 235, 258. 271, 217, 279, 295.

3110101100, 3010101, 234.

310011100, 3110001100, 3111011110, 3101011100,
solando, 67. 185.

.......... Thomu 01, 55, 121.
3111011110. 300 3111001100.
311010. 300 3110111111.

3110πο11, 00. 803011, 3105110, 11010101 tho
05010501, 05.

31111110, 5101111101 00, 49.
.......... 311115 01, 25. 49.
.......... 1111111110, 25, 33, 49.
¹ 31101501, 31011501, william. 154153.
3110000, 10. 3111011,10110101, 31, 78. '
3110000, 305011 00, 31, 78.
.......... 3101150100, 31, 79.
3110101 (sic), 01111 01. 300 3111500111.
3110111115οφ, 305011 01, 184.
31111. 300 31100.
310110, 1500111101, 158.
3111115111. Agnes, 101.

’ 3111111101, Hugh 00, 190.

3111, John, 108.
........., 1711111οι 11, 32. 80.
31115001, 3111511, 500111 01. 106.
.......... 1010 1111001, 106.
Ι .......... 305111, 264.
.......... 1111100111.
3111151111, John, 121.
3111. See 31100.
Ι 30001010, 3111010010, 31010010 [00. 301115·
Ι 1111100]Ι 01000101, 294.
.......... prior 01, 258.
311010001, 31010001, 11110101, 329.
310110. 31010100 62.
, 3111101. John. 164.
3101001100. 300 311011100.
’31010005 300 1110010001.

 

