INDEX OF 6411061118,

HONORS, AND FEES.

STAFFORD.

Α1ι10601,61110111 01, 18.

0600101, 60100101, 6.

(10100111 006 1110611016, 1101011101, 7 . 18.
1101111, 60100101. 600 11611010.

1106101, 1101011101, 18.

Ferret! (1101111), 6000101, 6, 8, 16.
6001011,110100101, 6, 9.

6106016, 60100101, 6, 17.

Γ1111101, ’1111036 [000110 01], 6.

1016011, 1001106011, 6000101, 4.

Wom, 19010100166010100. 601001 01, 4, 6, 18.

0011010.

6111101000. 600 1106010000.

11001010, 6160010110, 60001 01, 99.

60116011, 3006010, 10000101, 91, 92.

1106006001. 600 6001006010.

110010300601000, 60110010, 60001 01, 27 , 31,
62, 76, 66, 164.

Β1066016, 6106010111, 01000101, 89, 96. 91.

Βο01001101ἒ1ὲ11801006010 [00. 60110111 010001
0, , .

Bury 61. 66010060, 1101011101, 67, 71.
(1600101, 6000101, 66, 66, 66.

61010, 6000100610001, 24, 26, 61, 77, 79.
(1010106010, 100 01, 64.

1106010000. 4011010011, 100 01, 24. 46.
11016001, 100 01, 29, 76.

1611103600, 11011003601001101 01, 91.
60010310116. 600600010310116.
110101, 60001 01, 66, 84.

6010100011, 01000101, 81.

11000ἰο93110116, 1)οο10310116, 100001· 01, 89,

611, 60100101 160 1111601101, 64, 161.

1111000. 600 Ηο1100.

1110, Rege. 60001 01, 24, 25, 26, 27, 49, 61,
6 ,67,66, 69, 66, 61, 62, 63, 64, 67,
84, 86, 86, 87, 86, 60, 91, 92, 96,

6101011036οω, 6100103600, 610οω103600,
000110 01, 67, 68, 69, 82, 64, 89, 96, 91.

Hfflgffffl’ 6000101, 27 , 26, 29, 62, 66,

1101100, 1111000, 6000101, 26, 66. 166.

11011. 6001110.
110010115113610601033 [00. 60110161 010001· 01,

110101016, 11010010116 [60. 1101101111 010001
01, 66, 66, 66. 66, 69, 91.

1011000101, 6000101, 26, 61, 76.

11101001, 11101001, 11110001, 601001 01, 27, 29.

1611001016, 1101101016, 01000101, 96.

6101101000, 60001, 76.

61οο1306011, 6000101, 99.

6100060601, 100 01 6000101, 24, 48.

60111106, 60100101 160 6106011 01, 66, 67.

.......... 00011001, 106.

01101, 0101010, 01000101, 89.

011016, 1101001 01, 27.

1600006011, 6001106010, 010001 01, 84, 94, 96.

60060. 600060, 10001, 94.

60110136, 11010. 110110. 110110, 11011010,
1113110131εξ 60001 01, 21, 28, 29, 66, 69,

1110610(ὲῖ6,5ἑο0 016000101. 24, 49, 61, 67.

6030060, Ἑοώοο, 6030060, 1000010011 100
01, ,64, 86.

1101111006, 1101011001, 60001 01, 25, 66.
walton, 01000101, 64.

161361, 611361, 601001 01, 76.
6100600101, 60001 01, 62, 79.

SURREY.

1410110. 6001011310.

1101006, 10001, 126.

61010, 6000101, 166119.
Βοο10300,110100010, 6000101, 166, 126.
111011, 100 01, 121.

601100, 01000101, 126.

6100000101, 6000101, 126.

1101310, Aquila, 6000101, 122.

11013010, 6000101, 121.

6001111630, 6000101, 121.

wallingford [oo. 1101101, 60001 01, 122, 126.
1101100, 1101001 01, 122.

wando, 100 01, 126.

6100600101, 60100101160 6101101101, 123.

 

