976

INDEX 01⁴¹ TENAN'PS.

smloy. Stmloyo 1111111111,11.171111,1 81111, 81111, 91111111, 110.

1110111, 248, 209, 220.
811111117101111, 12.
8111111111 11011111, 277
8111111, 81111111, oo. 171111, 11110101, 294.

8111111, 81111111 8111111118111111111,
9111111111, 72

.......... 11111161, 71.

.......... 1111110111 (11, 44.

.......... 9111111, 161.

1101111. (11, 1, 9, 306. 922.
.......... vivian (11, 11, 16.
8111101. Ρ1111, 227-

811111111, 9011. 164.

8111111101. 8111111111, 8111111111. Briau do.

196. 198, 292, 289, 217. 261.
. .. 111311, 108.
Milo.. 226, fflS, 261.
.......... 1101111111, 188.
811111. John 01 1111111111, hunbaudum, 829.
8111111111, 9011, 264.
8111111101. See 8111111111.

emadan. 81111111, 8111111111. 8118111101.

81131101, 11011181, 111.
81111111. 81181111111.
8111111. william 101 01, 181.
811111111. Thomas. 219.

811111118111. 8111110111 (sic), 81111110111,

9111, 924.

.......... 7101111,οὶ Ι1111.1111111, 881, 993. ,,

8111111, 111111, 149.
8111111011. ,8111111111 [118111111111101

A .......... 21111111, 148.
J ........ „Walter de, 92.

81111 11,8111101(1,1110111 12.

811111111 811111111111111111, 1110111.
1711192199.

81011111, 1111111111 (11, 14.

.......... 111111 de, 19.

......... , 1111111111, 14.

8101111. 8118111111111.

81111111, 7101111, 110.

8111011, 9111 (11, 129.

. 1111111,111111,160.

.......... william, 149. 172.

.......... 141111 111101, 149, 172.

81111νὶ11. 201111, 12.

81111111. John, 291, 249. 265, 267.

8111181111, 149.

81111. 8111111191, 201.

Stmdolyng 811111111119111, 286. 237. 299.

1111111111 2111111, 1111111111.
111111111911111 11110141.

.......... 111122.

³ .......... 11111111, 61.

.................... 111111, 91. 62.
8111111111. 9111 de. 86, 49.

.......... 9711111111 de, 21, 49.

81111111. 8111111111. 0101111111, 16, 84.
John, 161.

....,011111111 16, 99, 84

81111111. 8118111111
8111111111.81111111111,9111.164.
.......... 17111111, 161

111111ί 8118111 ⁰⁰ sm 9111111111 ama.. 111111 1, 1 1.

81111111111111111188.

8111111111, 8111111118 [11. 1111111111

01, 188.
810111. 811 81011.
8111111111. 811 81118111.
8111111. 811 81111111.
81111. 11. 811011, prior 01, 92, 41. 79.
.......... monh 01. 118.
81111, 810111, 811111. Adam de, 217, 218.
.......... 9 011 1111, 149.
.......... 1111111 (11, 181.
........ . 8111111 1111. 149.
.......... Thomu, 2⁶4.
,,,,,,,,,, william, 189, 264.
81111 or stokes, 1111111111 do. 28. 29, 69.
.......... 1101111111, w.
.......... 1711111161, 28, 29. 69.
811111, 810111, 9111, 289.
.......... 81110111, 11 1116111111. 382,
811111. 811 81111.
811111. 8118111111.
stom, 17211111, 149.
8111811111, 21111111 do, 248.
8111901. 811 81111101.

.......... walterdo 807, 819.

8111111117101111111111. 198.

81111111, fleury, 81.

.......... 1111111111, 91.

811001, 9111, 127, 112.

8111111. John 11, 26.

8111111. william, 211.

8118111. 8116111111 [11. 01101111 priorem 11.
212. 216. 224. 274.

8116111. 8111111, 10. 17111111, prior 11. 176.

Επωγὸοἲέῗέῗγ. fleury, 100101. 2111240.

.......... 1010 111111 william, 263.
.......... 9111, 904, 821.
.......... Mag-nt, 202, 211.
.......... Robert, 904.
nogat, 91, 41, 16, 64, 81.
.......... william, 294, 240.
264..268,111111, 226, 227. 244. 213.

81111111, 9111111111, 111111, 16.

ι .......... 1111111111, 64, 81.

8111111111110111111, 201.
⁴.Stykinwold 8118111101111.
ethnam 9011, 164.

y smero, 1111 111.

 

