INDEX OF PLAOES.

110311οη,1301011113,11111111 011111. ¹
1110311010 [in 111000110101101], 1130310010, =

Κ3ιι301010, 1701011111, 303, 24, 331.
1110310110 [near ChiohmtorL 1130310110.
8111111, 157.
111031100, 1130301100, 81011010, 13.
......... 1130311100, 801111. 152.
......... [by Arundel], 8111111, 142.
......... Ιὲιὲαἰιὲι 1101011 1130311100. 8111111,
’1, .
......... [10 01111111ωο1 1110311100, 1130311-
100, 17111101, 175. 180.
......... ·113-810,1110311100, 8111111, 135, 100.
......... 0011100111, 1130311100, 801113, 110.
................... 01101011 01, 113.
................... 1101103001, 113.

1110310117ἑί0 0111010001 11300011, 1711111011

..,,......Κ301οιι, 11303100, 1701011111, 303,
321, 330, 334.
.................. 0110101101, 318.

........ Βὲ. 1110111101, 11303100, 171111, 207, Ι

.................. 0111101101, 281.

......... Kynffn. 1130100, 71111, 1111111, 208,
219, ,251

................... 01101011 01, 281.

1110111, 11100111, 11οο11111, 1130111111,
81111010, 3, 15.

1110111100, 11301111100, 17111101, 178.

1111113 [10 0111100101 111103, 1101011101,188.

........ 1111111,11111013, 1111011111, 186.

111101010, 113111010ιο1, 801111, 0110101101, 188.

1111113119ιέ 313ὲά11, 111100111100, 10100101,

11113 111113, 1111113, 11111111, 111.

11111103. See 110011 1111113; 1111113 Bellum
Kirkby 11111013.

1111100,113110100,1111111οο,81111011213348

1111001110111 [10 Ροιιειο1111ι], 1130100011,
8111110151.

Ι 1101011011. 811 00011011.

1101311011, 1101301011, 1111011111, 184.

ιιιιωιῑιὲιὲιιῆ20111ι1ιηιι, 0111111111, 111111, 1

1100110 [10 1110111131 801101, 151.

11001115118111ἧ4113ἓ111111110, 110001111110, 81111011,

11013111 1110101 [10 110030101003111, 1103111·
thorp, 1101001111, 181.

8013110010 [10 301100 Dama, 1103110011,
11111101, 171.

1101311113 [10 uuonan,
(10011113, 81111010, 1, 17.

1101311100, 8031100, 1111011111, 184.

......... 6[in 110011111000], 11031100811111010,

1103311111131,

......... [10 8101081101 11033111100, 11301-
011οο (1) wilte, 201, 250

8013011101 11111 0000οο11110, 1103301131
100 1111011010, 11010111110110101101313.

11013100, (10331100, 1111001111, 183.

“ 429

110οο101111. 8111101111111111.

Knool {1365th 110001 Pam. 811 1100311,
11 .

11110111. 8111110001.
1100110. 8111100111.

1 1100011011 1110111110, 111.

........ ,10100101 204.

110011103ωο, 0000103100, 1111011101, 135.

11001111010. 8111101111111011.

1100011. 1811110001.

11001011. 8111100311.

Κο0110, 1100111. 11111101, 190.

11110310, 8111, 000111. 00011 11ρί10031, 1100311,
11001011, wiltu, 200, 215, 227. 233.

.................... 00001111300, 01101011 01, 233.

17011, 11001011, 110001 1100311110,

0110111110, wiltu, 211, 237.

.................... (10001 Ηο01010, 0111311 01,

1103311101130. 811 Κο131ι1113.
110331110100. See 1101311100.
1103311131, 81111013111111.
Knyteoote. See 11013110010.
110311101011011. 811111101101.
8031010013. See 11013111 1110131.
11031100. 811111113οω0.
Κο1101130. 8110001103.
1130010010. See 1111011οο11001.
1130011031111. 811111001110101111.
11311000010010. see 1111110011.
8300010011). See Κ103100.
1131101110. 811Κ10111.
113001103101111, 1101111010 800111. See
1111101111.
1130111111οο. See 1110111100.
1130311010, 8303111010. 811810311010.
1130311110. 81111103111101.
1130311011100. 8111101100110311.
1130311100. See 1110311110,Κί031100110111111,
11110 111031100-00-11111011.
11303100. 81111103100110.

1 8300111013. 8ιὲ 1110311013.

1130011. 8111113001.

1130101100. 81180131100.

1130100. 811810010011110 11103100.

1130100, 17011. See 11103100.

11310110101. 81181101010.

11310, (gaft, 00101311101701011111, 301, 321,

............ · (10101111010110101101, 318.

1 1011110010,1101011101,3111,321,329.

113111100. 8111111011.
1131111, 1131110. 8111110111.

 

