INDEX OF PLACES.

B

Bnbbegravo. 800 80100000.
80100101. 800 8000001001.
Babington 800 800100.
Baehampton. 800 80011οω1100.
80010, 803011, 00000 01, 103.
800101γο100, 0080110100.
800100, 8010100, 803011, 34, 51.
8030101100. 800 8031000100.

00001 [in 00οι00] Baddebury 1100010001

wiltu 3148
Baddeney See 803001.

8033001188, 0110100, 80330010, 11000101, 180,

80301000. 800 803100]
8030100. 8008031ογ
8031031010. 8008030011.
8031031000803011, 37, 03, 94.
Budloy 8030100, 803011, 53

8030003101013 [10 11101100100011, 80000- 1

3001013, 803011, 0000001, 75.

8011001180 8001001011] 8031031010.
103,8ο.035

803000, 80330000, 1100000100, 01010101, 317.
8033000011 800 8000011.
8030000 ικπ[188810ιο01001 ,8011030000 101000-

80010100 80,0101γο100 80110101001100-
00101,177,194.

800101, 800 8081ογ.

80300831 [8881000100] 8031000011, 101000·
ι·. .

80110111. 800 8010113.

8010100, 800800100οιιά 800100.
8011000100. 80080011000100
80100010, 80130001, 8000οι, 139.
8010011,110ορ10,801101010, 8011001010, 11οι

0101, 180. 190
801100301010. 800 8011001ογ
800003007013. 80080300031011013.
80001003, 80001030, Suu-ey, 110.
........ 0000001. 131.
......... 01000107114.
.......... 0100000007, 114.
BaptonW [m 1110100100 801000ιο] 8011ος100,

8001000008001010001, 80001000, 11000001001
8001001081ιο0010000018001000, 111110. 370

80001001008000100100,1110000101.1711189.1Βιὶ

.......... 11000101 187
Burcor11llz302ffloroompe 8000008000186,

80000011. 800 80000011.
8007008ὲ880001003. 8007003. warwici, 171.

......... [10 1100001001, 80007003, wiltu, 333.
8010032811883011080001003, 8007003, 111110,

.......... 010001 01394.

8000100. See 8000100.

Barbam, Berghnm, 803011, 36.

800111, 8001010, 1001000100, 181.
8011118801ιο [10 8001111310011101000100.

Barkoby. 800 80011γ

,.800100100 See 8001010110

,8001001000 803011. 33, 83

18011001, 0800110110, 80010000, 803011 31 14,

8001018001, 80100100, 801000100, 187.
8001001οὲ0 800100100, 8001001οι0, 8103003, 3,

800100183ἐο080010000100, 8001001100, Sumen

.......... 180100530100 01000101, 168.
800100100,8001001οιι,1.01000100, 183.

80000010 [10 8011100100 and 81111001
80000ος01, 11000101,170.

800000310100,800000300100,803011,41.
800000, 800000, 800001, 010001 07, 119.
80000010. 8000800011.

Barnhaffi, 8000100. 80000100, 803011, 40.

.............................. 800000, 143111.
8000100100, 8001103100, 803011, 46, 72.
Bm, 810400ιὲ182οΞ1003 1011110, 8103003, 6, 9,

8000000, 8000000, Bane, 803011, 44, 81, 83.

800000 upon 8000, 800000, 8010000100, 181.

80001] [10 1011] 80101801, 8000001]
[minator. 180.

’ Bmham 00οο0 40, 00.

.......... 01000107, 167.

80010011000101, 0001101187.

......... [10 81370031, 800100, 11000001, 178.
.......... 1100100001003, 198

.................... 00000 07, 197.

......... w'yffi' 12881000οψ1, 800100 Regio,

... ,.,,00001 800100, 803011, 48.
......... [10 110 80000] 101000100, 183.
..,131110, 800100 803011, 31, 79
mmor 07 97
mu· 800100, 803011. 77.
......... [00110 Rath] 11000101, 174.
........ [00300170030000318103003. 1⁵.

800000. See 80000000ῳο8οι0.

Bam. 800 800000.
8000011, 80000011,Ιο1000100, 183.
8010010030. 800 8011107003.

0000οι 0000011000ωοιο 00000 00, 1311010010 8010100010
46. 73, 99. 180110100100. 800800101οο
8013010ογ. See 80110000.

800000. See 800000,

 

