460

80111111-10111.
1111061161 01 1-10111.
801510111011511111, 141.
3001081111115001111.
Βο11 1106 8100115116 1, 11011006 81010-
501331,114,11156-57

213313601521111016,Β11111016,134.13

Β11113511313).Ο 8013551050, 2111111050, ἱ
Βο13,142, 153.

Β111111135111, Β11130351111, 137, 161.
00113011. 81160161301.

21011016. 811 1100131016.
5111251111, 138.

1101031016, 1111010111 141,156.

2010500101,211511101,Εε150111111
1111),141,156.

Ε111500101,Βο011ι,138.
1101111115, 111111, 211111011151, 134,

51Ῐ1Ξ1Ξὶ111,17111,77111111111315, 142,
2113313011, 23115111131111,135,136.

7515010035, 2111511351, 138.
20101111, 20151111, 132.

, 1101613111,(10113011, 133.
(1011100, (1011110111, 133.
1111011106, (1110111161, Eunt. 139.

......... (1111111116, 61101116. west,
134, 159.

1101111103, (1111110311. 133.

1101161111, Η111111160, 139.
Η11111115010035, 1110111511351, 133.
Η10511111, 133.

1105011100, Ηο1011111001, 135, 161.

5100100110, 5001101111. See
2000110111.

5003511630, 20031510331, 138. ,
11016116, 5001111661, 139. l
5110500651111111061. 146, 155.
5116611100. 138.

8115116116, 6066111116, 133.

11106116, 1710011116, 132. 1
2035110, 20315010, 139157.
2011113, 21111103, 128142, 154.
2033211131, 2003033, 20030301, 136, J

1111100. See 111115100ηά10.
11111511511631,1101511511331, 1101511- ¹
5111331143, 153. Ι
0011111111011111111111, 111. “
1113313300610, 11315100, Biston, 128, 1
8103111100. 811810311100. 1
8513111111, 8051301011. 137.
8503111111, 8501111111, 133. 1
81035100, 8003111011, 146.
811311, 8113111, 133. ¹
81135103, 8110303, 134, 160. 1

HUNDREDS‚ ΒΕΑΝΕΒΙΕΒ, WAPENTAKES, 1110.

6111111-111111.
1111061161 οἱς-10111.
8131ξῇ631. 8111101106 81011-
11 .
811111, 811010, 137, 161.
8010500035811010511351135,161.
251110. 81111111

2133011 23311111οο, 23310010,135,

2010011,2011111010, 139.

71ῗῶ5035130, 711115010111001111,

1751515001136.
1761103600, 173130600138.

1710651111, 1730615101. 135166,
20100110111, 1000110111, 3001101111,
135162.

Rupes 01013101111101ε-

1111111611, 152.

21101511, Β1101511, 1211, 152.

051051110001011111, 129, 152.

1111111131, 149152.

Lora, 1211130, 152153.

21110113, 21111111, 1311132. 114-
145, 147149, 171-173.

1110001111 01 :—

11100601165. 167. ’
20131011110131111, 164.
(1510511111 (010561100013), 166.
......... (1113), 166-167.
1116103100, Damon, 166.
1111111031, 163.
1111101111111111031, 163.
......... (5010035), 163.

......... (damry), 165.
20110113, 165.
Δ1116511111,1111651111, 164, 168171.
21311010, 171.

810111113ωο, 8101351100, 164.

WARWIOK 006 LEICESTER.

. 1101161161 01:-

6111115101, 5111105011, 3011015·
1113,17 17111311.

Ηο0111031016,Η111111110310115,
Η1101111,179-186. 190-191

111Ιο310111901130100, 11313100, 174-175.

Κι11131111011,11031510111,1103351·
10111,176-177,193-195.

210510111179.

2110111106, 11110111οο6, 186-187.
(1111111, Gamo, 185.

(1010011. 186182.

(1015111100, 183-184.
8301110501, 183-184.

 

