INDEX OF JURORS.

m, John 10, 61.
10010, 1100101166.
10101011, maharu, 223.
som-Philip. 60.
101100, william, 102.
1010,10110, 166, 167.
10000, 10110, 210.
.........,11011011,240.
101100010110, 61.
101000, 10110, 100.
1011100, 10110, 219, 217.

10100100101011 00, 26.

1101101101, 1110100161.
11010011, 31011110, 261, 276.
.......... william, 261.
11011000. 10110, 149.
1101101, 1110110110, 100.
11001110, 10110, 96. 106.
11000110,10110, 166.
1100011101, 11000101, 1011100184.
.......... 1111011010 de, 61.
.......... Simon 00, 64, 100.
110011010, 111011010 00, 67.
11010110, william, 269.
11010161, 1110110111, 626.
1101000, william (10, 219.
111110100, 10110, 70.
11011111, 21011010, 276, 022.
.........,110101, 266.
.......... Thomu, 216.
1101111100, 1111111111,19.
1101101, J 0110, 06.

11101, John, 101.

.......... 1111101207.
11111100, 1011110000, 311, 013.
11101100, Thomas, 622.
11111110110110, 246.
11111110, John 00, 106, 128.
1111011100, 10110, 216.

LAcoflEcom. John, 106
11110100, John 00, 219.
haustro, 10110 00, 1011111, 107.
.......... 11100110, 326.

hugo. SeeIaongo.
1110101010, 1111111010 00, 216.

1001010100101010, 1101110001 00, 67 .

.......... 1110111110 00, 106.
10010100, 11100110 00, 61.
10011001, 21011010 00, 70.
tuan, 11101010, 273.
1001111011, 10110. 214.
1110000, 1110110100, 61.
tm. 10110, 101.
10111ος100, 10101, 230.
11010. 800 1100.

1100101010, 10110, 01 1100101, 187.
10111010, John 0110, 166.
.......... Stephon 0110, 111.
........ ,11101000 0110, 149, 165.
William 00 10, 01 Βο101000, 26.
11011101010. 162.
110100111111010, 101.
[comenge. Bobert, 100.

1100010. 80011010.

10010100, 10110, 24.
11011,111111110, 247.
1010110010111111001, 104.

’ 11010000, 1110110101, 01 1111001010, 17.

1101000110, 10110, 246.
110100, John, 216.
1111Ιο01011, 10110 00, 213.
1111101111011, 21011010, 266.
.......... william. 208.

101, John, 104.

11010100, Thomas, 011101001011. 20.
1101101, 11011011, 212.
110101),111111110, 152.
Longe, Lange, 11011011, 266.
.......... Thomas, 260, 272.
11010, william, 01 1101601001, 210 01 seq.
101000, 111011010, 102.
11010, 1111110, 96.

111101, 10110, 213.

.......... Martia, 17.
1101001100, 10110, 106.
110000, 11101000, 66.
1100001, 1101101, 216.
1101101010, ’11100100 00, 130.
1110, william 00, 216.
1110100010, John, 226.
1111011. See 111110.
111101100101111, 220.
11110000, william, 224.

MALEWAN, Philip, 218.
1111011010, 10110, 220.
1110οω10010, 11101010, 216
11000110, 10110, 104.
11000100, 111011010 00, 80.
110101111101000, 323.
1101011011, 10110, 160.
.......... 11101000, 326.
1101010001, Roget, 267.
11010, 1011100106.
margarete, 1111111010.
11011010, william, 80.
11011000, 11101000 00, 31.
1011111, John, 101.
11010110ωο0, Peter, 266.
1101111001, Adam 00, 66.
1101110, 10110, 272.
......... nobem 26.
.......... Thomu, 220.

 

