INDEX OF PLAGES.

A

11601100,111110601001. 1610106001, worou-
100, 604, 621, 629.

.......... 1111060100, 0110001101, 616.
11600103οιὲὶ1ἶὶ1ηο1οο, 1701000100, 01000101,

1610601001. 6001110010.

1110600100. 600111010100000611011001000.

1610106001. 600 1111100100.

1110101010οὴ[10009111100001011 1610600100,
1 , .

11100600 00001, 10 001011060, wiltu, 261.
11110000, 1600000011, 600000, 109,122.
.......... ο10001101,116.
1610111010,11010110,11011110, 1101000100, 166.
1111011011. 600 11011011,11111010.

1100000011. 6001610000.

1011000. 600 01110000. ·

10100, 10014010110, 110100, 6011011, 26, 16, 66,

......... 1100001000, 9100000100, 626.
................... 01100011 01, 611.
......... [2111000111 6106006, 6, 21.

16610011οὣ 16100100,16000100, 6110000110,

.......... 110660110ωο,οὴοώ 01, 116.
1601000100. 6001001000.
16100100160110100. 600 1661001011.
11110100. 600 1010010οο.
11110οι11000. 600 6100110000.
111100100. 60011000100.

110, 60011001

11001001, 11101001, 6011011, 66, 61.
.......... 010000 01, 26.
1101001101000. 60010100.
11101001. 600 11001001.

Albo 1100011010, 60. 600 111110010οι01.
11100000, 11060000, 600000, 166, 169.
11110001010610100011601000,10601οη,600000,

......... ·,01101·01101 116.
1100010000, 1110000000. 60000001ομ, 111.
4100010078011010000110,1100000100,17000101,

11660010, 1160110000, wiltu. 2⁰⁶, 269.

...,0110001101,266.

1166000. 6001111000.

1160101011, 6011011. 40, 66.

1160110000. 60 11610000.

11601000. 6001111000.

1160011000, 11000601000, wiltu, 200, 216.

116000100100, 1160001000100, 1601000100, 327.

.......... 01110011 01, 617.

1160001007οἳω [ἒῆ WhitepurinhL 1160110100,
1 , 0

11600100, 11610100, 6011011, 42, 92.

.......... 116000100, wiltz, 206, 266.

11611οι0, 1116011010, 6011011, 44.

.......... 10000001, 70.

1161006000, 11610010ωο 116000110οω,
600000,129,141.

.......... 01000001, 167.
.......... 01100011 006 01000000 01, 169.
11610018οὶ1011600100, 1700000100, 0110001 01,

11611100 60011600100.

11601100110. 6001001000.

1160001011. 6001160001000.

1160100100, 111001001011,600000, 129, 116.
116000100. 60011600100.
116000600000. 60011610060010.

11600100. 600116100100006111100100.
Alabum. 60011100000.

1100000100. 60011000100.

110100. 600 11100.

111016, Ruta 110161006, 600000, 109.
..... ’ 0110001101, 116.

111010100, 111010100100, 1100101001οο
11011001001110001011, 6110000161,
114,146, 146,116,166.

11100100. 6011100100.

111001οο100, 1110000100. 600 1101100100.

1110000000οι. 6000001000111.

111001001110010, 1600001, 117,194.

111100100111 ’0110001000 10060061 11600100,

.......... 0110001101, 266.

mmm, 0100.

11010010. 0110011001,οω0. wau,

1101100100. [10 111001000111ι1ΒΠο100]ὅ 1111100000·

 

