419

INDEX OF PLACES.

0191111111 [in 9119110111111111191111, 1 0111111111 1111111111 wiltu. 206, 276.

0111111111 0111111111. 9111111, 111.
0191111111. 9110119911111, ,

⁸ 011111111,01111111,171111, 211, 266.

......... Au 911111.01111·1,11111111, 297.
......... Βξὲ. 11111, 01111191. 11111, 11111111,

0199131111, 0111111111. 9110119911111.
01161111, 0111111111, 911111, 166.
.......... 11111111, 117.

.......... viem-nge 11, 119.

.......... 11111111, 289.
01191111. 911 01191111.
011111111,ω,(ἐ3ἐ11ἓί131ὲ13301111111111,7701111·

, .......... 1111111111, 915, 617.

01111111ὄὲ1, 01111111711111,771111111. 176,

0111111111. 9110111111.

0111119111. 911011111911.

0111111111. 9110111111111.

0111111111. 9110111611.

01111, 011111, 171111, 266.

.................... 111111 11, 11111119 with
0111111111, 288.

01111111. 911011111111.

01111. 91101111.

0111111191. 911011111191.

01191111. 911 01191111.

011911111191. 911011991111119.

0111111191. 9110111111111.

0111111111. 9110191111111.

0111111. 9110111111911111.

0111111111. 91101111111111, 17111

01111111ῧ [11 919119] 01119111, 911111.

01111111. 911 01111111.

01111111. 911 01111111.

011111911. 911011111911.

0111111111. 911 01111111.

0111111111. 9110119911111.

0111111111. 911011111111.

chime. 0111111, 1711111111, 1111111111, 619.
0111111119110111111111.
01191108011911, 91111119 17111, 9111111.

.......... 0111911 11111111 niundon Regin,
1111111111, 117.

011111111[119111111111],011111111,771111, 256.
0111111111, 01111111,911111,167,19.
.......... 1111111 11, 112.

0111111191111, 194. 199.

.......... 11111111, 167.

011ω1ἒὲ1177έ71111111111111 61111111,91111111.

elan, 919111, 45, 77,
.......... 111111· 11, 75.
01111911. 9110111119111.

ι1 0111119111, 01111911, 17111111, 176.

0111111111[111111111111191111146.

1 11111111111111111. 111.

1,0111111111 0111111111, (11111 and 1111111,
111111111184.

0111911, (1111911, 919111, 26, 96. 51.

Clam 9110111111.

0111111, 9111111,129,167

0111119111101111,1711·1111, 178.

.......... 11111111, 917.

Ι Ι 0111111191 [11 71111111, 0111111191, 1701111111,
0111911111, 01119111111, 171111.199,242. .
Ι 01111911, 01111911 11111111. 01119111 Regis.

9110111911.
0111111119, 911 (11119119
01111, 91119119, 9.
.......... 11111111 of 9), 612.
01111111 [in 111111111111], MOEW 11111. 01111
7711ω1.1711,11917
0111911, 9110111911.
01111111. 1711111111. 911 0111111 11 111111.
0111111 0111111111, 01111111, 9119119, 8, 15.
01119131ὃῖ7ἓῧ1,8(ἑ1811111, 0111111, 7711111111,

.......... 111111 11, 618.
01111111 ἔξω 1111111011. 0111101, 17111111.

01111111. 01111111. sm, ohumh and
vioenge 11. 167.

01111111. 911 01111111.

0111111111. 9110111111.

01111111. 9110111111.

01111111, 919111, 96, 41 86.

......... [10199111111191 1711111111, 179.

0111111111. 911 01111111.

01191211119,011111’11119,171111, 277.

.......... 01111, 1111111 of, 284.

0111111. 911 01111111 0111111111, 0111111 on

71111 and 01111111 upon 1111111111.

0111111111. 911 0111111111

01111. 911011111 Prior 119 01191 9111119

......... 111111. 91101111111.

......... 6111119. 91101191911119.

......... 17111111. 91101111111.

011111191. 911 0111111191.

011111911111111. 91111111119111.
11191111, 9111111111,17111.
Magna. 911111111111111.

0111911111911111111113111.

01111111. 91111111119111.

Cnutaeleg. 911 1111111111.

01111[112051ἑί311)1111101111131], 01111 171111.

011111 [in 9111111119] 01111111111111, 181.
...01111,911111,1111111119 1111111 11,

Μ165,166.
., ........., 11111119 11, 167.
οω1111111541191111111111] (1191111, 9111111,

1]1. 0111111191,
911111,11,144,148.

01111 ecurt ΙΕἰιι1 01111Ι
como

 

