INDEX OF TENANTS.

001101, 001101,101001, lm.
.......... 0111101100, 074.
0010101100. 11101110, 100.
110100. 0001101100.
1101101001101011, 105.
11ορ1011000. william. 155.
1101. See 0011.

1101011100, 8001101101.
001101101, 0011011011, John, 150.
.......... 111111011150.

.......... Τ110110010011)00, lm.
1101101101111111111, 100.
0011111101, Thomu 00, 107.
0011011011. 010001101101.

00100. 10100. 88. ¹

......... John 00, 00.
.......... 110100101οο 11. 50.
.......... 1110110111, 140.
.......... 1101011. 140.

wardon Abbey, 1000111001, [ω. M· '

1010]. 0110101, 01. 78, 70.
0010ἰο11. John. 150.
001001. 8000010011.
0010. 800 0011.

0010, 11101 [00. 1101110101 prior 01. 4, 10. ,
17. 184. ι 000, 80001000-

1 1101100101100100.

3 110011101111,101100, 40.

00101. See 1101101.

warin. 00101. 800 Fit· 01101

001001. John, 104.

.......... william. 104.

0111, 00110. 0010, 00100111 10 or 00 10.

014, 018, 070.

.......... 10100010, 100. 001. 1
......... 01010100, 175.

.......... 1100110101010 01. See 11001Βο011010.

. ,,,,,,,,,, 1100010010. 108, 000.
.......... Ι1101111000 10, 01011, 140.
.......... william 00, 170.

1111111, 01101100, 00101. 0011. 70. 78, 101.
gg. 000 105, 10110010). 101, 100, .

00110011. 101. 100.

.................... 0011 01811001 010 801100.
1011107140.

¹ 1101101(0101,0110101. 107.

00111101. 0001100001. 170, 178170, 100. 017.
1101001010. ·

01 01, 11, 11, 00, 114. 111. 100,
185, 180, 100100, 000047. 081. 077.
078. 110100811010110.

00101, 001 01. Sec 0110 01101.

.......... 11101110, 000.

.......... 01111011. 000.

0000011. John. 074.

.......... 01111011, 017.

11001100, John, 008.

0000110111. 1100101011. John 00010000. f
.......... 11011101, 01 1100010011101110111. Ι
.......... 11000100, 001, 001. ·
1101011101οο ᾗ

Ι 0000ἰο10010111000, 177.

1100101ομ, 00011100 00. 10.

.......... 101100, 0.

.......... 00110100, 0.

.......... william 00, 10, 180.

water. 111100, 0181010, coquin, 000.

0010111110, william 00, 75.

1101111011. 0111001111, 0011001111, 001010
Qnffiaffissffiffi

.......... (11100 00, 50, 71, 80, 80.

.......... John 00, 08, 71, 80.

.......... 01110100, 811.

.......... 1101011 00, 48, 50. 00. 08. 71, 80.

........, ........,1111011,118.

......, 1101110000, 80.

00110, 00011100. 140.

001100, John, 000, 000.

0 1111100, wamy, 1101111000, 00, 80, 81.

.......... 001101, 77, 00.
.......... 11111101004118. 1
001101. 0001101101.

ι water, 3011011, 180.

00101100, 0010110010, 0010110, 00. 8111100.
1110101, 108, 150.
11101010, 11101110, 000.

001010, 11101110 00, ll.

000001. william. 80.

00000, John, 0101110110.

.................... 80011100 11110 01. 00. See
0001101010101.

00011010. 01111011. 1110.

001010. See Weyland.

00100, william 0110, 078.

1101010. See wileby.

¹ 00100101110,11000101,107.

0010110. 800 11011011.

1101110101. 1101010100110101101. 00101101,
1101101 00, 1110111, 05, 07.

.......... 11011] 00, 40, 014, 040.

.......... 11010100. 014.

8000100115.

0011010110110, 100.

11110 00, 111.

1101100, 1111110100, 00.

001101, 001010 [00011 00. 111110, 01001οἰ10
01. 040.

110111 (00 Fonte 11010). 0110101, 074.

0011011001, 0101101101, Aliae 00. 00, 74.

.......... John 01. 00, 74.

.................... 11100 1111001, 74.

1101000. Su Weyhnd.

110101010100101101. See 1101110111,

0011, John 00, 148.

00111101110, 11010 00. 180.

0011001, 111011, 1110010 1101101 [00. 801001 ’
0110101, 1.

 

