816

0010030000100103920000, 1011111. 101,
......... John 10111, 101, 100, 1111101100,
101, 000, 010. .

,...,.. 101181, 88.

........ , 1110801οι 80, 80. 88, 181.
.......... 0100800100ιο

81110, John 80, 809.

.......... 111180, m.

......... 810101180886.

801010101. 8008110010 (11000, 80.
80101010100. 800800010Δο80000 80.

801108οο, 80101880, 180.
801111,8010111[οο. 801110880101181.
8010, 8010, 00. 81100οι 11110101, 184, 181.
8010111800

80101000, 8011111011, 000110, 818, 846.
1080888.

.......... 11011011, 888, 869.

80100, John. 811, 868.
801011100171111001, 171.

8011111111, 8111111110, 00. 8110000, 10010101, 168.
8011001010101111 80, 10.

801101, Thomas 0110, 810.

“ 80110100 800 80101000.

8001011, 1101008101, 81.

.......... 1080, 164.

80111010. 800 8001101.

8010011, 801110101800011101, 177.

.......... 88011100, 887.

80111010, ’18011100 80, 63.

80111101, 80111010, 00. wiltu, 1101000 01, 888.

8000101, 80010101. 800 800010 01010.

8008010, 8001101, 8011801, 1080, 88, 70.

80080. 1080111101011101018, 184, 187.

80001111, 81010080. 188.

8001008011, 1080110, 8.

800100, 8001100. 800 800010 10800110, 80.

8010808000. 800 8101011οι8000.

80108008008801000, 818.

8011011111, 9811110111, 88.

80110,8011010,188.

80110001. 800 08011001.

8011101100. 800110111ψο

8011010, (10011101, 88.

8010101, 80101001, 8010100111. 800 800010
1110111080.

8010110110, 800800010 10118080.

8010101010. 8008110010 01010, 80.

8010101001. 8008110010 Mauro, (10.

8801108011, 81. 11811018’1,08800101184.

8801100801, 8801100, abban 01, 148, 804, 807,
71157811 818, 816, w, 846, 884, 888,

8801801018, 1701101110, 188.
8801801000, 801801οἛ, 17171,οἕ, ,81 ,77, 78, 78.

..... ,...,8801001 80, 111881, 78.

11100100 ’10111000

8801·11,10811,188.Ι

880110011ιο1, Edith, 879.

880180001117111101080184.

811000, 88000, 00. 8111101, 11110101 864, 889.

8801810888011081011, 880181080 00. 8110101,
11110101140,186,188.

8801800, 80001100. 190.

.......... 1110801οε 80, 180.

81101100. 800 81111100.

8801108108. 80088018108.

88000. 800 880011.

8801180188801181180. 1101110000 10, 68.

Petale, 98.

.......... 11010018 110, 88.

8811180100 [0011010011 prior 01, 898.

8801010071ἷᾶξ 8811010118οη,00 8110000, 100101
0, .

81111100ωῇἓώωο 80011000, 8801100 1080.

.......... [0110010380οο 01 1110 1110101101 180
0

.......... 1101118 80 88.

.......... 1100801180, 88, 68.

88111018, 1181101018, 00110110, 176, 188.

8111110, 8081110. 101000 80, 48, 78.

1711110118Ἇ1.

.................... 141100 1111001, 881.

8110810800, 8110810100. william 80, 808, 819.

88011011010, 1080, 884.

8801110110, 1101118, 149.

.......... william, 149.

880110081011, 88010081001. 1080, 81, 888.

11011011, 801181, 888, 878, 879.

8810111111111,0101101Ι 800 80108001.

8110180118, 1080110, 198.

........., Ι18011101, 198.

.......... william, 198.

88011018, 1108011 de. 181.

.................... 111101 11110 01 181.

811100, 1111111008. 0197108, equire. 881.

8811011108οη. 800 8801000801,

818100, sibeton. 8111010110, 8180100, 00 81111011,
08110101, 39. 88, 8798 98.

8111011110, william, 88.

811000, 1110110111 000 01, 80, 81, 90.

.......... william 00001, 60.

8100110110180. 800808101111111018.

8108100800. 810801008010, 108080, 110. ·

................... , 80011100 1111001, 110.

.......... Thomas, 878.

81110081, 1101118 80 -— 01, lffi.

810100. 800 800100.

8101810180110, 1080 80. 89.

81011011, Thomu, 1111, 887.

880101111181011080188. “

8801, 1080, 888. Ι

88111101, 1080, 841, 848, 871. ’

’ .......... 11108101, 871.

 

