INDEX OF PLAGES.

8011οο0 Ρο1000, 80111000 81100100, 80111000
Prior. Wmiuk. 178.

80110001. 800 8010100001.

8011010000. 0011000001 01000010 01, 297.
.......... prebenda 01. 287.

8011, 8108000. 8. 12.

8011100, sudoby 1001000100, 166.
&lm-ton [0000 8011010000 wiltu, 241.

8011100οἑ> 01100100, 80111οι01 Prior. 8008011000

non.

8011000 [10 1100031100] , 801110οτ0, 190110, 219.

8010103100 [10 11001 ’1100τί031, 800000. 139.

80100000,80100000,11000001000100001001318.

8000100000 [10Ι Οοο310100], 8000100000,
11000101, 178.

Sancti 00000. 800 1010108010, 81. chad.

Sancti 80000001, villa.. 800 Bury 81.
80000000.

80001000 [in 91000001. 8000100000000,
190000000ὴο0. 198.

800000. 800000, 81011000, 6. 18, 21.

8000000 10 8011001υο000, 10000001, 172.

80000010, 1010001000, 184.

80000, 10000. 800] 90010000 8000 8100000,
worcester, 801, 321, 828.

.......... 01000010 01, 818.

80010100, 80001000, 808011, 46.

8000 9100ξῇ 8000810000. 800 80000.

8001010001, 8000000010. 9100000100. 808. 832.

8000000, (10001, Ηο00000000, 800000, 110300,
8108000, 8, 16.

........,,Ῐι11818,1,16.

8001010010 Nova. 8008000000, Now.

......... Vetus. 800 Surum, Old.

Suloy. 8011011, 11.

800000, Now, 8001000010 Νο00,11’1110, 199,

.................... 81. 8000000, 01000010 01, 290.
.................. 81. 1100110, 01000010 01 . 290.
.. ..,......,..,81. [11010000100001001. 290.
.....,.., 010, 8001000010 1010011010, 199.

.................... 0100010181, Peterin. 290 ⁴

Samuyhlf. 800 8100000111.

8001000. 800 8001000.

80000001000, 800000001000, 80000ηο1000.
800000110.

.. .....,0100001001. 118.

8000300100. 800 8003100000.

8001001030 [10 91011100000010]1 8010100330,
1000101070.

why, Suoby. 1001000100, 188.
8000100101000000, 181.

80010000, 80001000 111110. 808011, 44. 81. 82.
8100000010οω,8000000010000, 8011011. 41. 86.
8001000, 8001000, 8011011. 88. ’
80011000, 8001001000, 1001000100, 186.
80100001010. 800 81001038010.
8010000100. 800 8100001000.

8010000100. 800 8100103100.
801100010033. 800 8101001103. Ι
flanimeum. 800 8100010000.

80100αο10310. maht-why.

1 8010000010γο 800 8100000100.
1 8010000100. · 800 8100103100.

8010001010. 800 81001010.

2 801000011030801000001003. 800 8100001103.
ἰ 8001000011. 800 8101100008.

8000010011, 8000001011, 1001000100, 188.

1 8001000,801000,10000031001, 800000, 140.

80030000, 8030000, 1001000100. 181.

.......... 00010000 01, 188.

800300, 80300, wiltz, 209, 288.

.......... 01000010 01, 281.

sul. Sheylo, 1001000100, 182.
8ω110001[1080001 80010001, 8011000, 808011,

0001103100, 80100000, 19000101, 180, 190.
8003100000, 80003001000. 1900000100, 891.
.....,...,8033001)00000, 01000010 01, 818.
80031001, 8033001000, 801100103, 8108000, 9, 16,

01001οω00010. 800080οι010, 8000100000100,
Sum, 188. 162.

8001000100. See 8010000100.

80000, 80000, wau, 212, 218, 224, 268.

800000. 800 8000.

801000. 8008001000.

Sagave. 800 80030000.

80300. 80080030]

1803300100ηο0. 800 8003100000.

’ 8033001000. 800 8003100.

80100001. effide& 80000000, 800000081011000.

8011000. 800 80011000.

80100000. 800 8001103100.
8010080100001001000. 800 2001.

1 80110000, 801010οι0, 800000, 188.

1 .......... Syllum, 01000010 01, 166.

1 .......... 801100ιο, 0001010 01, 168.

'¹ 801100103- 800 8003100.

1 8010000100, 8001000100, 800000, 128146,
1 sebo-,semmua prehendet, 100.
.......... 01000010 01, 170.

y 0001000000000000000.
1.........,8οι0010,0100001001, 296.

ἶ 8000, 80000, 800000, 800000, 108, m

1 ....... ..0100100000000 117.

’ 80000. See 80000

8003011000. 800810310100.
ξ80030010011. 8008030011.

8003100100. 800 8100310100.

80001011. 800 80300011.

8000000000. 800 8000000011. .

ἰ 8001011000. 800 2100000 Aen.
0 800001000100, 911110, 208.

’ 8000038212οἵῂῶ0000001010, 1800000100. 805,

.......... 00000 or. 318. =
80001000 [in BuokmimtorL 8000010000,
1001000100, 186.

&demendam-(1⁰2 8008010000.

 

