INDEX OF PLAOES.

110110010111. 800110310010111.
1101111111. 8001101011101.
1101110011111101. 80011010101.

1011001011, 1103110010111, 1103001011, 1101-
, 000101, 3011, 822, 827.
......... 010101 01, 814

1101111101, 1101111101. 800110311111011.

11001, 11101Ξ11οἔἑο 1100101, 11010, 3101101114,

......... 3[1ιᾶ 111111111011101011010, 81011011,

11011011108001101110111.

11011101 8101110181011110101,
810101011110110,11111ι,211, 237.
.......... 01110101, 293.

11011101, 311101, 122.
.......... 010101 01, 113.

1101111111, 011101101,01111οι1011010111,01101-
1110011011,111110,208.

81011010

......... 01010101, 281.
11011111ἐο111, collegiata 011101 01, 30001,

............ ’ ......, prebenda in, 11111.
110111001011, 111110, 208.

,...,.., 81. 11011, 0111011 01, 232.

..., 311011, 01010101, 232.

11011011, 01001, 1101000101, 01110101814.
.......... 111110, 1101001101, 01110101, 814.
11011110, 1101111110, 11011010, worcester, 329.
.......... 010101 01, 817.

1101001101, 1101000110, 11011101, 179, 191.
1101101110. 8001101101.

1101111110ιά 1111010, 110111110111 Abbati..
0111110111, 111110. 204. 271.
................. 01111101, 288.
....80111 [11 1111010111 111111110111
’.180111 1011111011, 111110, 204, 271.
........ 81100,111011Ἡ1.ο“11181011010, ,1101
10111 8100100 11110111 wiltu,
218, 221, 272.
................... 110111110111 Sancti Petri.
01010101, 283.

488

11011101, 11011101011011101810100, 140.
.......... 1101011101, 137.
ἂι 1301011010, 11011101, 111110, 204, m,

............. 1101111000, 0101010121.
.......... 11011101,11011101,110111, 810001, 118.
.....,..,ὶή ....... 011101 0111 1101111 01, 134.

11011101 11011101, Up, Sum, 183.

..., 01110101, 170.

1101010111[11 wilton] 1101101011, North 0111
30011, 1101000101. 181.

1101001010, 1101010110, 311001, 189.

y, 11011000,00. 800110101.

110111011,110110110111,101000101, 188.

110111οω1111, 11011010110, 111110, 201.
...,81. 11011 aad 81. 2010101110100 01,

110110010111.11011010111, 8111101130.

.......... 11010101, 89.

110101 [3011100111 tle 11011000 juxta 81110-
01011, 3111101107.

......... [in 1101101101],11010010, wiltu, 277.

11010101, 110101101, 11011101111110 31080111,
3101101114, 12.

. ., ......,..,111010111 01, 19.

......... [ιιι 011101 1101011 110101101,

......... Eo 111111110111 11010101, 11010101,

1[111100110101011 11010101, warvio&

”⁰33¹ 00101001, mmmm, 0110,

1 .......... 8111010, 110101101 8111111101, 1101-

......,..ῃῶὶιὲἓ 1111011111, mmm Quilly,

......... 1011011 [11 8001111011 1101001101
10101,110101101,198.
1101001, 1101011011, 110111, 1101010-
101, 111110, 213, 219.

.. ,101101 [11 flamm, 11010101,
1101000101,133

1101101011, 1101101101. 80011011101.

Mmmngton[m1‚6dmdffl30„]n53hffidon 1 1108012ῢὲ11 1110101001 11011011. 111110,

11010101. 1800 11010101.
1101101 [11 Prahate]¹ 111110 239.

ΜἭᾙἫΜ

Mmyngiord 8100100. 800 1101111110111.

110111 0111. 800 1101111ῄο111 111010.

Βο0011110111 8100011011111101111

1101111, 1101101, 1101101, 1111111202, 234.

.......... flumin 11011011, 1101000111,

0111010, 811.
110111001011, 110111101οω, 811011, 32, 41, 82.
11011013041101101Ἑ1Μ1010101. 1101000101,

1 .......... 01110101, 818.

Manlium 800110111001011.
,11011011 1101101, 11010101, 177, 193

......... Β8011011 Petri. 800 1101111110111Ι 0111101010311 10819810·

Ι 1101101, 1101111, 01010101 1101000101, 914

110111011οη03, 1101011οη08, 301111011111101,Ι 11011011,110110110111310110111,14.

11010101, 103.
110101111101, 110101111011, 31010111, 13.

110111010Ιά. 800 1101011011.
3881

1 .......... molamus-01 100.

110110111[11 11011111 301101, 108.
110110. 800 11010.

28

 

