11111811 08 1118088.

8000808, 180800, 282.
80008, 80100080.
sumerton, John, 17.
8008808, 880800, 885. ’

8801088010, 880800, 01 80800018, 187, 188.

8880180188, 8108808 80, 87.
88808800, 1088, 811.
.......... 11111108, 152.
8801018080, 1088 80, 218.

mmmm, 1088, 282.
.......... 880800, 101.
801800, 880800, 80.
8088808, 1088, 100.
80801088, 880800, 187.
80110810, 1088, 878.
8088100, 110808, 215.
888810, 2880000 80, 81.
88008080, 8108008, 288.
880008000, 11111108, 188185.
8808000, 880800, 888.
8881018080, 0118001 80, 88.
.......... Hugh 80, 82.

88080888, (10011008, 227.

880, william 0110152, 184.
8001001088, 102.

8811010, Georgo, 88.

88888880, 111080100, 288.
888801οη8, 81108001 80, 24.

8800, william, 811, 818, 818, 828

11118881, 1088, 57, 05.
118οη80, 81808280.

.......... 11111108, 05.

1188811, 11808811, 11081810, 827.
.......... 1080, 215.

118108, 118188, 80800 80, 218.
.......... 11111108, 224.

18118, 11111108, 280.

verdoun, william, 05.
1001,110188,147, 152, 187.
110000, 80188, 01 (1000000011, 80.
100080, Philip, 247.

8000,8810.00οο,00001008,.,,, 00. 1 1111130008. ⁵⁵·

Thomnyn. 1088, 101.
8808800, 1088, 118.
8808800, fleury, 288.

88008, 80808, 85.

88008, 0010808, 850,

” 8800888088, william 80, 198.
88008808, Andron (10, 82.
88οο81080, (1118001 80, 82. “
88008, 1088 80, 01 88008, 111.
’.1800810811οι 108.
8800110018, 11080] 80, 181881, 187.
88008108, Adam 80, 74.
8800800, 1088, 87.
88808088, 1100008, 74.
88800108, 1088 80, 71.
801100, 111080100 80, 80.
800018, 1088, 217.

80100, 8108008, 281.

808100, 810808, 275.

.......... 8800800, 882.

.......... 11111108, 2³⁰.
Tourmy. 800 8808ογ.

8880801081, 111080100217. , ,

8880808000, 888888, 108.
8001, nobem 88.
80088881, Roget, 80.
80808, 8108808, w.
8008001088, 250.

880808, ‘Ibam-y, 888001, 828, 888.

800880, 1088, 218 01008.
10088811, flium ds 81.

.......... 8800800, 100, 221.

¹ 1101011088, 102.

1101080, 1101010, 11111108,112,831.
1101100, 880800, 01 8111108, 820.

’ 1101101088 801, 82.
’ 11011οη8, 1088, 820.

11010088, 1088, 228.
.......... 11111108, 887, 870.
11010808,111080100, 108.
1101080, 1088, 818, 828.
.......... 8108008 10, 07.
11011000, 11111108, 10.
11οὶ10080, 1088, 277.
walton, william, 180.
1101000880, 1088, 828.
1108301008, 888888 80, 57.
1108808000, 8800800, 185.
110080, 8108008 10, 87.
.......... william, 215.
1100800, John. 108.
.......... 8108808, 257.
.......... 11111108, 108.
110088, 888888, 220.
.......... 10800, 100.

, ,........,.........,0111880108,187.

.......... william, 01 108808, 70.
1101000, 8108008 0110, 287.

110100, 800 1101180.

1101810808, 108880, 82.

1101180, wotos, 1101800111080100, 8010.
.......... 11111108, 820, 888.
1100080800, 880800, 148.

 

