428

1011000000, 10001)οῃ1, 1000100011, 1100000100,
307, 808, 319, 320.

·. ......... 1000100000, 0111001001, 316.

1010000. 800 Imber.

1001100000. 8001101100000

Iping. 1000080000, 106.

.......... 0100001101, 168.

1001ογ, 1000010, 1000010117000101. 178, 191.

10001010, (11000010008011011, 48, 99.

Ipyng. SeeIping.

lridge [10 8010100011, hrugga, 800000, 133.

1000000110, 800000, 131.

1000110001 [in 1100100111000000, 138.

11010000. 1010001000, 800000, 108.

.......... 1001100000, 10100000, 8001010001
and 0001010 01, 164170.

.......... 111001, 01000010 01 170.

1101100100, 10170100, 1011005100, 100ος.
11000101, 177, 194.

111000 [10 8011010010οω1 1101000, Suam, 146.

11008100, Suam, 181.

10010001, 10100001, 1010001. 800 8010001.

10003ςο. 09001010ςο.

10000001001030, lxnyng. 800 Eming.

10000110, 8111101146. 71

1

10101, 101010. 800 Yaxloy.

1000001100. 800100000110.

1001031000, (100γο30100, 10000100. Suum,
100000 01, 130, 181, 138. 146,148,172.

1001000. 8001001000.

Κ

11000010100100. 800111000000100100.
1100100100, 11001100, 8011011, 48, 76, 77.
1100111, 1100010, 1110010, 111110, 210, 229, 276.
.......... 0110001001. 291.

Kegworth, 110000000110101000100, 182.
1101000001, 1101000001. 800 1101100101.
Κο10010, 8010010010, 8011011, 38.

11000110, 1100010171110, 209, 287.
.......... 01000010 01281.
110100οἓἲὲ113οἰοἰοζ0οἓζέ, 11000000, 1100000100, 306,

......... 01000010 01, 313.

1100001, 11000010, 110010οη1000, 196‚198.
11000100. 8001110000.

8000100011. 8008001100011.

110000100. 8001110100.

INDEX 01 001000.

1 1100010. 8001100001, Eut.
Kenigwn. See 110001οκ100.
1100000011, 1100010οη10, 17000101, 177.

, 1100001, Eut, 1100010, Εο1·1100010,171110,203,

Ι ............. '. ...... 010010, 000.

Ι 110001ος100,·110010100, 800001, 107.

1 110000101,1101]οὟ1,80170οῃ0800οωὴο
ι 307, 81983.

, 110011000[10 (10001001 8011011, 48.
Κο01111000100. 8001101110100100.
1100100000, 1100101000 in 11000010, 1700101000
land, 196, 198.
1100100, 8011011, 90, 93.
.......... 01000001, 89.
1100100111Μ [10 11011000], 8011011, mmor 01,

110000, 8001110100.

· Kemye. 80011000ογ.

1100000011. 8001100000011.

1100001100, 11000001100. 800 0000101100.
Kemwfflitfflmpny} 1100000011, 1700000100,

1100000, 110000000, 8011011, 44.
11000011Σο, {aesopum 110000οη0180), 8011011,

00008101, 1001 londo, Kmynglond,
8011011, 36, 66, 7,103.
11010110, 11011100. 80010101110100.
1101111110ος1. 800 Kettleburgh.
1101110100ωο, 8001011000ωο, 8011011, 44.
11011101ὲ1ὅς1ἐὲ110111010001,110111110ος11,8011011.
, .

.......... 01000001, 89.

11011ιο10 [10 1101101071 00010010, 1001000100, 181.

1100000 [10 8101001000],11γο000,800000, 155.

1100110000 [10 1001101, 1001000100, 188.

111110000110 1100010000. 800 1111000110
8000010100.

11111000001110ι 1100000001 8001111000110 Hu-
000 .

111011001102100110 810001 0011000001, 81011000. 3,

1110000110 8000010000, [1181000011 1100·
010000,1.01000100, 188.

......... 11000οο01, 8181000011 1100000001,
1001000100, 188.

111000001100100, 11 0000070100, 11000000100100,
1700000100, ,328 829.

.......... 0100001 01, 314.

111100, 11110101001000100, 184.

111100000010. 800 0011000010.

⁷ 1111000110, 1110011 0011, North 0001 800110,

1010001001 .
111000010, 1101000100ωο0, 1001000100, 184.
11100100, 11γοωο 11000101, 171.
Kingbrigge. 800 Kingobridgo.
Kiugeston. 800 1111000100, 010.
111001 ὧᾚ, 11010000 Regis, westmon-

1110083ιῶ00 [10000001 8103101300, wilto,

 

