INDEX OF PLACES.

1700100001000, 1701100100, 8011017, 87.

1700170000 [10 11001770000071, 1708017000.
1101000100, 181.

1700100. 800 77001100 1007.
17001100. 80017001100 811000.

......... 7000011, 1701100 17100011, 171111, 207.
214, 278, 279.

...,070007 01, 284.

11007, 17001001701100170010107,
1771931114.

........ 81100017001100, 7701100, 1701100
110101, 1701100171110, 208. 218, 2113.

.................. 070007 01, 288.

......... 171ἔίιιιεη, wanneswotton, 17010107.

17007001. 800 17007010.
1701000100, 0110 01, 810, 825.
.......... 0700070010, 311 :-
, 71700081.
1111801010.
7080010, st.
clement, 81.
110100, 81.
1110011081.
1110701110, 81.
17010081.
81111710, 81.
1700811011, 1701800011, 8011017, 48.
17001100, 0100. 8001700007100.
170011ῃο700, 1701Ιί00711οι, 8011017, 40.
17001100100,170180110010οι 17118110οῑ00,
80701781484
170070οπ0017. 7011100000170, 807017, 88.
17000100070001. 800 1701010070001.

1700010107100, 17111001007100, ,171101011θο07
100170110107, 17 189.

1100000000. 8001700010000100.

170ιο100800, 7700070800, 1700001008000,
1700070800, 800000. loe, 123.

.......... 1711007 01, 118.

170017, 800000, 129. 137.

1700171110, 8011017, 84, 55.

170017100100, 17001710100. 1101000100, 182.

170111οι0. 800 171101111ιο.

1700100 [10 Ρο110000], 11010205.

77011οι1, wodeton, 800000. 1011122.

.......... 070007 01, 118.

77011000 800 17001100 1100701111 17001100
11000.

Βο01011. 8001700110011000011.
11οι00. 800170011001711000.
1701100. 800170011001111000.
1700001070. 800170000070.
17000100. 800 7711000100.

7701111100, 8011017, 78.

.......... 170011000, orout. 8011017. 45.
.......... 1700110000111110801101745.
.................... 01000001, 75.

457

17ηο710011ἑ112115οἳ17, 1700071010, 1700101101, 771110,

.......... 070007 01. 280.

1700017001, 808017. 80, 50.

17018017ιο100, 171181111οω0. 80017011100100.
17ιί8010011. 800170180011.

17001100, 1110007100 8001700007ωο.
1700111100. 800 1701111100.
17011010Ῑὸοἰ68οω00100,17,ι·011001000,81011018

1700007100, 770007100 170011011,17000100.
11001100 0101· and 11011ιο001οο-
10οη100, 171110. 202, 207, 238, 278, 2711.

17000010. 800 17000011.

17000111, 1700071110, 1711011107. 179.

1700071110. 800770010110118170007011,110117

1707111011Ι 800 77171011.

17000701008,710000, 17001008180000. 800
17771008, (10001.

170070. 800 1100111107 and 771070010ιά.

170070711180, 1700707008. 800171077018.

¹ 17οο7001008. 80017107001008.

7700700000) 77007000, 170070000000. 800
1700710081, 180071711171018.

1700770111. 800171077010 8701111,
170000117801010 1701711101 77107010. 1101000100.

1708000070. 80017711001070.
1701107011. 800177187111.
170800700700. 8001710οο

170100870. 1101000100. 188.

1700007070. 800171000011011.
7700700070. 80017100011.
1700710οπ00. 800 1711100100.
1701110100. 8001710010100.

17070. 80017107,

......... [10 17000100800], 800000, 123.
.......... Suom. 800 8011170180 77070.
.......... 1700000100. 800 771070οῐ008.
........ 7101071007000. 800 1710710008.
170701000010, 1707011οω010. ,800710011οω1
170700, 800 1710700 Ηο11.

1707011000. 800171077001008.
17077007007. 800 7710770107οω7.
170710 [10 111007100], 1707οι1. leicester. 184.
1701007010. 80017111107010.

17010010. 8001711001

1707700070. 800 771170.

J 1701001008. 800171101008.
170110. 8001701οο.

170110800. 80017111100800.
1701100700800771111007010.
7707001107. 800171810011107

, 170110110οι. 80017111107010.

170110780017011000800. 80017111100800.
770110000007,170101001007. 800 1711111ιο-
17011007ἓο1800171110100100

1100101οι0 0011010] 11100ιο0, 1110. ι Wylton 8001711100.

17011000. 800 17111100.

 

