996 INDEX OF JURORS.

8611016, Ι11106166, 920.
1160601, 1100601, John, 219.
.......... 11106616, 99.
.,......, 9111166. 86.
1161101, 1106011. 261.
1160668066, 100.

1160, ny, Ι1110606 10, 61.
.......... 961101 60, 180
Rypyng, 1110660, 66

8611110111), 91111616, 0111660106, 19,
8611616, Hugh 60, 166 younger, 197.
8666630, 1110601116, 326.

Sampson, John, 270.

.......... Thomu, 260.

sanato 61611160, william 60, 24.
86661016, 11011011 60, 197.

866001, John, 216.

86666166, Thomu, 298.
8666666666, 9111166 60, 86
8061101, 9111166, 280.

806016, william, 82.

8001, John, 109.

.........,1106611, 81.

Samikon, John. 926.

8011016, John 66, 66.

801606, 11106616, 01 11010106, 19, 20.
801601, 9111166, 19,

80666, 9111166,109,288.

8011661, 1106011, 100.

80110, 9111166, 216.

80601, 80101, 961101, 276.

........., william, 218.

80111010, 1161166,968.

8011610, 96166, 160 younger, 109.
86611. 8100606, 242.

86610, John, 826.

86006616, John, 281, 266.

8601101, Thomu, 267.

8601666, 81606, 109.

86016711, John, 276.

8601010, Adam 16, 218.

8610160666, John 60, 06.
8611611106, 81606 60, 180.

861010, John, 828.

8661606666, 19111166, 0186616010666, 187.
8661111666, 11106016, 20.

81611666, Thomu, 926.

81606, (1061101 606 01, w.

8161, 116166, m.

86616060, John, 109.

8601606010, 86616226.

816616, 6101661161 60, 82.

110611, 929.
.........,1066,100,101,168,208,876.811.

.......... 91111616, 272.

86011163, Thomu, 101. ,
801166, william, 891.
80666061, 1106611. 246.
80066660, Thomu 60, 92.
80106011, 11106616, 262.
8061616, william, 28.
spatham, 1106011 110, 86.
80616661, John, 99.

.......... 9111166, 99.

Spuma, flpnm, John, 297, 270.
8006600106, John, 891.
8606001, Gay, 918.

801601, 806061, Adam 16, 80.
.........,1066, 229.
80066011111060166, 261.
8006616066, 166, 167.
8001101, 9111166911.
806001. 8118010011.

stae„ 11011011, 102.

81611016, 6601111 01, 8, 9.
81660, 96110160, 91.
81661016, 8106616 66, 01011, 1.
81666616, (11166 60, 81.
816ρί1106, 9111166 66, 06606101, 198.
816610, John, 820, 928.
81611166, 81606, 101.
81666106, John 66, 92.

, 06016661066116106.

Stephon, 9111166 606 01, 87.
8101160606, william, 217, 208.
8111101666, John 60, 196.

.......... 96110160, night, 195.
Stodeleye, 8106010, John, 219.

.......... 1961101, 261.

81010, 9111166 60, 217.

81066616, John, 100.

81066, 1106011, 224.

81011. 9111166, 101.

stormy. 810 816166.

8101001, John. 101.

810110, 81060166, 101.

8116666, 9111166 10, 80.

81161106, 12616666, 100.

811610, John 60 16, 61.

.......... 1961101, 222.

811060, John, 164, 167.

8111601663, 8111101666, 1106011, 186, 167.
8161611, stormy, J 066, 929.
.................... 0161111016, 280 61 seq.
.................... 01 960666061016, 280 61 neq.
.......... Philip, 217. ,
81616161106011, 26.

8161600, 961101, 269.

861106, 9111166, 818.

8611166, John, 101.

86166616, 8061] 60, 86.
81101166, 11011011, 218.

 

