INDEX OF Ρ1110118.

8110111111, 11101, 8111111111, 81110111111,
17011101, 174, 198.

8101111. 800 8101101.

81111101. See 81111101. ,
81111011, 801101010, 17011101, 179, 190.
81111010. 800 8108110 8111.
811111111οη. 800 81011111111.
8111111011. 80081011111101.

811101, 81110001, 1101000101, 188.

811101, 81101011, 818011, 89.

810111101. See 811101.
8101001011,81001101011, 801001, 140.
.......... 1101010 01, 107.

.......... 1101101101170.

81110001. 800 811001.
811011,101011101·, 181.

8111111. 800 81111011.

811110101, 801101101, 8011111011, 811101, 140,

.......... 01110101, 170.

81010010. 800811100010.

81101011. 80081001011.

81110111. 8008110111.

8110110101 11101 8111111101 81111001000,

111011101, 184.

81011111. 800 8101111111.

811111011οώ. 800 8101111011010.
8110111ἑῖ001 8111110111 811110101. warwici.

811111118111011, 811101, 129.
8111111111οή, 8111101010, 01110908.

. .......... 011101 01, 281.

8101101, 81010101, 1110111101, 180.
811001811ρι1ίί ohtam& 8111001, 1111001 (sic),

.......... 8111001, 811111, 189.

...,....., .........,11110101, 171.

8111111001 [11 WnrmimterL 811011101

’ 8111101101, 181111, 217, 274.

1 .........,100101,204.

81100101 1701111111, 8111111111 00110111,
1101011101, 185.

8101110011. 8008101001.

8110111101, 8110101111, 81111010, 7.

811110 [11 0101110 and 00110011 811110,
1101000101, 884.

8111110οἳ1ὲϋ1 1111110011 8101100010, wilte,

7.

111111111, 810001,100.

811110. 800 811111.

8111110101 1811110111. 80081100101 171110111.

81111, 8111101, 811111. 8111011, 40, 88.

81110101, 81111101, 1101001101, 182.

81111010010811101101017111101, 178, 191.

81110101. 80081111101.

800110111419[11Β111111111], 801010101, 811101, “ 1

§odium 13119111111101800111101, 1701101-

8010110 [11 0110101810011, 91, 99.
811010. 80011011 801111.
........., 8011811111, 8111011, 111101 01, 89.

801010111. 800 800110111.

80111111, 17111101, 180.

8011101110. See 80110111.

80110111, 8011010011, 1111001101, 180.
8011011ἕ10 [11 81010001 8111011010, 8108010,

, wiltu, 208, 280.
........ 1101101, sumerford, 8011011010
mels· (001101), wilte. 200, 214,

, ......... 01110101, 280.

......... Pam, 011101 01, 281.

......... Magna, 010101 01, 281.

801101101, 80110110, 811101, 1101110 01, 107.
8011111101, 808011, 88.

80110101111, 8011011, 00, 02.

80101111, 8111011, 29, 40. 09.

801111111ιᾷ1ἐ 80111110801111111, 811101, 184,

801001. 800 801001.
8011111, 801111101 [80111], 010101 or. 29⁶.
Sonntyng, Sontinge. 8008011011.
80110111, 80110101110, wiltu, 207 ,202
....... 01110101, 281
801111101010). Sec 1111101101.
8011111111, 8010110, 8111011, 40.
801101. 800 811101 801101.
801011111. 8008001111.
801110110. 800 81111111.
80011011, 17111101177.
80111110010 [in Β1111101], 8011111010,
811001,184.
8011101110, 8111000, 811101, 180.
8011101101, 811101101, 8111011, 89.
‚ 801111010[0110111111],81υο1, 141.
80111011, 8011101111, 8111011, 88.
8011111010. 800 81010, 80011.
8001111011, 8011111111, 101011101811111, 107.
800111101, 81111110, 80111111, 811101, 102,

100.
8011111010, 811110101, 8111011, 09.
801, 8010, 10011101, 170.
8100110111. 810810101101.
81001011110. See 81011011.
81011111, 8101101017111101, 178.
8110101111, 8100101101, worcester, 808, 819.
.......... 01010101,018.
81011οἓὁ ὁ871001011110, 8110011010, 8111011,

8110111101, 81101101, 810011, 20, 87, 49.

sproxton, 8111011101, [01001101. 180.

81111010, 11, 12, 20.

..11121301 010 101101οι1 01 81. 80110111
m

..., 91112113011 010 0010101101 81. 11111 11,

1 Stakothymo. 800 81111011
8111001000110111 standon [10111100101110111
81111001, 81011001 01110111, Non
81111001, 1711112118, 217, 202, 204.
8111001, 8111001, 81001001, 81111101,
8101001, 811110ιο. 8, 7. 9, 11, 21.

 

