INDEX OF PLAOES.

000051. 0000011051.

05505050. 000 055505οι5.

0500505550. 000 0055500.
0505050000550505, 05055000, 050000, 134,;’·

0501000105, 050015, 58, 59, 94. 95.
0505055μο015. 0505500055, 1101000100185
05015015οι5 0501501505, 050015, 47, 72.
0500100000000. 000 0001000 0000.

0510550005 [15 01001005] 0505050055,
05010050οι5, 0150005, 7.

05105050. 000 Thurnby

05011001050501000105. See 0505101050.

0500150105, 05001105, 050015. 58.

0500150105. 000 1550100100,

05005505, 0500505050, 0511015, 33.

.................... ιιιιιοι 0190.

......... [in 1101150105] 11500105, 175, 190.

050050 [15 1555050011. 05000105, 05005505,
Thon-nn, 1100000100,309,320 333 334.

0500505050. 000050055οι0

0500005000. 000 05005505.

0500505511. 000050055111.

0500500, 050015, 35, 64.

....,,...16171001 0500500, 050000. 141, 158,

............. ......, 05500501, 170.

05005505, 0500505515, 0511015, 34, 50.

0500510111 [15 (110110 Pylum, 0500505511,
111110207.

05005105, 1001000100, 183.

.......... 9000000100. 000 050050.

Thorny 000 0500500

050001101000100. 000 055055150000 aud

Bnrkby 050000
......... 0005001110. 000 050000 0510501110.

.......... 0100005 000 Thon-pe (1050100150.

........ Ι,050015 000 050000 and 050000
11001050.

......Snrrey 000 050000
......... warwiok. 800 00150000.
00....ὲὲ125010500010500 10 05000, wiltu,

......... 0005001110. 00005οιοο 0510501110.
050000, 05000 0511015, 40, 72.
......... [with 5050015] 05000, 050015, 42,ι

.......... 050000, 108.

&nn-enlm [in Dinhley], 0001015000,

180110ΙάῙΤὴὲπρθ 000015501000100
902000120011ιιο, ,050ιο, 050000, 01511005,

......... 005015. 000 050000 505015.
......... 11001050, 05000, 050015, 44.
................... 55050001, 71,
......... [1100001],1101000100,184.

......... 0010501110 [15 00001005] 05000
00050011101101000105181.

.......... stafford. 000 050000 Constantine.
0981

449

05000105. 000 05500105,

0505101050 [in 110105 0055550001 0501000-
105, 0501100105, wiln. 212

..‚nhumh 01, 291.
0500550505, 050015, 34, 58.

. 05001005. See Trnyford.

050050ομ1005 See Thringntone.

05011100000000550100

05015001050 [15 1051100105] Thrnngenton‚
1101000010,Ιο 182

0500503ιὸ000οι, 05005005οη05, 1100000100.

5500.. 0555ιο00.

05050 [15 1105010500] 0015000, wilte, 208.
0505550105, 0500015105, 1101000100, 181,
05050105. 000 0000105.

0550000105, 0550500105, 1001000100, 182.
0550100105,0550100105,1001000100,183.

......... [15 1155055005] 0500100105, wur-
0105,1 1,17 193.

05501001οι0, 0550110105, 050015, 28, 30. 51.
055010οἐ0οἔ01100000001055 511110, 0511015,

0550550105, 0550500105, 1101000100, 181.
Thnrnby, 051050501101000100, 185.
0550015105. 00005055150105.

055001οι0, 406557ιο1090, 05000105, 050015, 30,

...... ΕΛ 1100050505] 0555105105, 0511015,

05000110, 05000010, 050015, 34

Thykebnom, Tbyknbroum. 000051055οωιο

01550010501.111050100 Ty,bnrt0n Wononnter.
05500501, 313

01515105. 0000101005.

0100550010 00050055001, 000000, 133.

0150οι5100, 00500055011010203.

......... 05500501, 283.

01555805,’10501505105333015010505105
0000500009

015011 11100115][ἰιι, 0050051, 0550051, wiltu Ι

....... 05500501, 294.
0150000041ιί North, Tndnworthn, wiln. 109,

................... 05500501,288.

’0101105 000 011105

0115501. 000 Tnnbnry

Tilingtnn. See Tnlhngton

0111005000. 00005000

0111100005 Ι[185110555015000 0111050105 0050·

01115010511501.Μ1100100’0],011150105 Tyllyng·
155, 00115105, 0150005 4, 21.

.................... 0005055 01 19, 20.

........ , 0010105, Sumen, 143.
.................... 05500501, 108.
0111οιιο10510505155Ι See 05550405
01105005, Tydelnydn, Wiltn, 244.

.......... Tydolvnnhyde, 055005 01, 295.
011000 [1011505], 0111005000, 00100, 302, 323.

20

 

