INDEX OF JURORS.

1881111011, william, 818, 981.
10108, 8108008. 898.

188088, william, 988.
81888808188008, 108.
11008, 01000οἰ80, 119.

818018, 188008, 81.

1110008, 808001, 991.

0808, Adam 0, or 808808196-
11008, 1100080, 80800, 997.
.......... Thomu. 981.
Ampium, 17111108, 80.

Amyn, Bogor, 988.

980011, william. 19.

Androm, 8108808, 898.
Androm, Ι1808008, 108.
18811108, 9088, 109.
10881888, 9088, 989.
0008180808898.
1008081018, 9088, 101.
1080008, Thomu, 100.
mm, 9088, 109.

1808080, 9088, 01 8181100819.
1880081, Thomu, 01 0001183, 111
Αι8οηῃ,181111088,909
88108, 9808888, 18188017.
11080018, 908880, 918.
11118808, 9088, 191.

11108811. 80011811.
Δ11080110,’1“808008, 918.

8810, 80. 8008811.

1880011, 108801, 808001, 80.
.......... 1911188991.
1881089088, w.

Amyn, John, 109.

100000, Thomu, 918.

118801, 111080100918.
11108000, mm, lw-

81011911, 808001, m.

88801038, 9088 80, 89,
8οα010,88010, 11101801, 117, 189.
8011008088, wilstan, 988.

881110, 80010, 9088, 991.

.......... 8108008, m·

........., 808001, 987, 970.

.......... wan-dm&

88881088808800008110

80100, 9088, 988.

.......... Thomu, 989.

88108, 801088, 80888, 81080100, 919.
......... 8108808, 71.

.......... william, 988.

88180808, 1108001998.

8018018, 8808808, 109.

8000101, william. 908.

800011, 9088, 101.

88001, 8108008, 01 1900000100, 910, 811.
800100. Thomu, 100. -
................... 0180088808, 899.
.......... 1901100, 19.

800088, 9088, 88.

80088880, 808001 80, 88.

80010101, 88088918.

.......... 9088, 119.

880108, 9088 80, 197.

8001080, 808001, 918.

8888011, 9088, 918.

8001808. 1108001189.

8010010080, 9088 80, 70.

8811, Thomu, ‘⁶ tapoer,’' 811-

, Bam, 9088, 978.

8088001, 1088, 918.

88110. 8001101110.

800888880, 8000888080, Thomu, 999, 918.
80808, 808001, 108.
0030188800800100100.
8010108, 81080188 80, 80.
.......... Roget 80, 88.

801888, 11108001, 98.
&¹8⁰12Williwdb7. .
80110, 808001, 988

.......... 8808888197.
8011088888, 8108008 80, 198.
80181080, 9808188, 101.
8088000,980808,108.

808001, 9088, 80.

80000011, william, 898.
8008808, J 088 80, 180,
8008008. 9088, 918.

800800, 1088, 918.
8008088888, 1110800880, 80.
80001100, Stephon, 70.
80010008, 9088, 918.

8081, 80810, 1108001980. 987, 910.
801888, 9088, 01 80880008, 90.
i 8188001080, 81080108 80, 919.

 

