1000001 000000.

80010ιο [ιι 81001101] 1100000100. 810.

i 8011031, 80110310. 80080110031..

80010000 [10 8001010001, 81310000, 8100100. Ι8011103. 8008001103.

donn. 80101008010000800000181,
144, 141. 147119, 178.

Ρωωο1ὧ119ἷο30501011, ,1)00001010, 8011011, 89,

80000ιο001,80000000010,800000,188.

80011103ἑ48011103. emtam 111110, 1001000100.

8011000000. 8008010000.

80001000. 8008010100.
80011000800000107.
800110100.8010011100,1010001οι·. 188·
P⁰dm⁰3⁸3oepssssg⁰⁰fissss⁰ 80101ιο0000,1100000100.ι

01000101818
8010011100. 80080011οω0.
80100100, 8010100. 80080010000.
8000101000. 8008001000.
8000010001. 800 80110001.

Pondoekaondok, 1700000100. 807 . 808. 819.

.......... 0000 οι, ιιι.
80000010. 800 8001010130.

Pettium. 800801101000
'Pom 8011. 800000. 188, 101.
8011003913,80110310,8011031,800011 48. 98,

8011000011. 800 80100011.
Pom& 801000100801010100, 800011, 48.

80100011, 8011000110, 8011000011, 80110-
100110. sm, 140100.

.......... 8011οι000110, 010001 01, 188.
180000] 80000000. 800 80000]

8001001000. 8008011001000.
80000000,80000000.8000000,800000,181188.
.......... 01000101, 188.

Ροιιιιῃρῧξειιιοιι. 800003, wiltu. 808, 817,

.......... 0100101888.

81010011, 81000011. 1010001000, 180.

8100000100. 80081000010.

8100011. 800 81010011
8100103330161100103010, 83030310, fluam.

80010001[10’1’011001011],8001101000,800010- 198818 mh 988811 ΜΘΗ th

1000. 81011001. 10, 10.
8001011 sslistnieaerin. 80010101, 8101100018, lo,

8000101311 [0000 11000000110010301100. 1
10 8101103010, 8081801031οο.

8000, Ιιοιιοι, 80000101οι00810110001,10. 10
.......36110000800008030010081011000, 10,

8003101309078001100 80301301001900000100,

.......... 01000101, 810.

80000 Ηιιιτοιι, 800 1000000.
81000100310, 0,ι·00] 111,1

......... 01000101. 118.

80011100800800310100

8031101100. 800 800011000οι0.

800011 [10 1111001001 8001 030. 800113030,
18001103, 800000, 180, 180, 108.

8000101311. 800 810101311.

8001000. 800 8001000.

P⁰“5[}⁰⁸{1ffl2'{i¹¹⁸h⁸m]' ,8101 ,81010 81011000,

8231101100,

8001011 [10 8001001018, 80000181000001, 0

80001000, worcester, 010001 01 1100000001 1,,

0111011011 (10000, 810

0....100010181. 1000000, 818.
8001000011. 8008001οω01.
8001130030, 8001103. 800 80001103.
800100. 800810100.
80100001, 8001000011. 11110111.
......... 01000101891.
8001γο30. 800 80001103.
8000000010. 800 8000000001.
8000010010, 8000001011. 800 8000001011.
800001. 800 80001011.
80101οι0. 8008010100.
8010001.ιο 800 8011101000.

1110000,ωο 800, 888. 887.
........ .. ........, 010001 01, 810.

......... 111]ιο [10 1110010031 800010. 11100·
000100, 8001818888

’810000010,.Ρί100001,8100οι000,800000 189,

18310000. 800800101οω.

81100001. 800 81000010.

81000100, 81100ιὰ10100,17000ιί01. 170.

8100110] [10 0100000001 830100, 8300010.
97000101, 179 91.98

Pipa, 00001 and 111110 [10 81. 111010010,
1010110101 81011000 7 8

= .......... 111110. probandos 81.
1 81000103108008030011000000.

810101311, ζᾑι810101311249830101311, 8000101311,
9901090991

.......... 01000101, 117.

81010001, 8100100010 ,Sum 109

Piri. 8008οη

81011000. 8008001008.

810100 [108011001011], 800100,8101100(1,9,10
..,Ρ101100,830]100,1700000100,800,
...1888880
...0100101818

8100100000 8008001000.

8111οο [10 1100010001. 801100, wila. 800,

810111000,81οι1010001.171110,889, 889.
81000100, 8100010000, 800000 188.
81001000. 8103100110, 8011011, w, 41, 88.

Ξ 8103101000. 800 8101110001.
ἶ 8103010000. 800 8100000.
J Pleyforde. 8008131001.
ἧ 8100311οὲ 8100000, 81000100, 800000. 180.

 

