INDEX OF PLAOES.

81000000, 810001010101000100, 186.
81001018. 800 8100080111.

8100100ιο, 80010, 81001000 01010300, 81000-
11000, 808011, 35, 52, 54.

.......... 1111110, 81001000 00000300, 8011011,
35, 52, 53.

810010. 800 8100010131.
810100108ἕο0100, staunton 11101110, 1001000100,

81001000, 800000, 153.

.......... 01000010 01, 188.
8100310100, 8100310100. 800 8100103100.
8100000000110101001010], 101000100. 184.

8000103100, 8100300100, 8100311100, 800000,
42, 154.

8101001010, 8101101011810110101. 800 81011010.
8101100. 800 8101100.

8100000. 800 810000.

8100310100, 8100100, 1101000100,Ι 185.

...,,.,..ἰξ3031100. 800000, 010001 01, 109, ι

81001800. 800 81001103.

81001100, 8101100, 1100000100, 308, 319.
8100010100. 800 81000010.

81000100, 8100100, 111110, 211, 207.

.. .. ..., .........,000001ι 01. 290.
......... [10 1110110001. 11000101, 174.
8100100. 800 8100310100.

810000, 8100000, 808011, 89, 05.

8100 10031011, 81000, 81000 10030101,
808011, 41, 73.

.......... 11001, 11001000, 808011, 46.

81000, 808011. 800 8100 10031011 and
8100000101.

..., 111110, 214.

......... 10030101. 800810010031011.

8100000101, 81000, 808011, 35,

8Μοοὧ01ἐ181ωο00010, 8100010001, 808011,

8100101011, 8100110010, 808011, 40.

8100300000, 10 800110ογ, 111110, 278.

8100100. 800 810001.

8100110001 00 1000, 8100110080 super 40000.
1100101170.

8100110011 [81. Anam} 808011, 41.

..,.. [81. 1110031808011, 25, 30, 49.

’100081001100110 111110, 201, 249.

.. , ......., 01100011 01, 294.

........ [0011001110 cutm, 11110, 199.

................... 0001000101 81, 10000000, 290

8100110000. 800 8100110001 1003.

81001100, 808011, 84.

......... 81. 1100300010, 81001100 10100100,
11011000 81001100, wiltu, 200, 201.

... , 0110001001280.

.. , Upper [10 81001100 st. 8003000101
81001100 Superior, 111110, 200.

8100011000, 81001100, 800001, 0100001101, 112.

810001, 810010, 8100100, 800000, 130, 130101.

8100110οω010, 1100100001000, 197.

8100001000, 1100000100, 330.

447

strenarum, 8100030100. 8100000100, Woe-
000100, 305, 322. 320.

¹ .......... 00000100.

810010, 800 810001. ,
8100110οἇᾶὲ0ηοομ0 40000. 800 8100110011 00
8100110010. 8008100011οω.

8100110ιὲ2 [10 1001010301 80180001, 1, 10. 21.

Ι .....-...171300ῗῶ01οο (8000000111), 11000101.

.. . [οΜ100011100],1101000100, 185.

. ...... 00 00000000, 81001100 nuper
0000000000, 11000101. 193.

.. . 001100 8000, 81001100 ‘super 110000,
11000101,175,189. '

......... [under 110001 11000101, 194.

8000000100. See 8100001000, “

Strioklffddffllaaee, 810111008101011, 110010000-
0, .

81001100, 81011103, 810111ογ0, 8100103011), War-

Ι 0101,178,192.

3 ;;;;;ῑῑ.;1011111111

ε 8100010000100,81000110ογ03100. 8001000103·
1001100101.

·8100100. 8008100100.

8100100, 8101100, 808011, 34, 55, w.

8101000001». 800 81110οω0000.

8101100, 8101100, 808011, 24, 30, 48, 49.-

.......... And 0008100100.

1113111, {zm

8010001, 8010101. 800 800110ογ.

8001100. 80101031, 8001010310, 1100000100, 304

.......,s0'uooel'05,0hur0h01,³14.
¹ 800100ογ. 800 Sudbury.
¹ 1001008οἓ 8001000000, 80010000, 8011011, 41,

1 80010οἦ ῗὲ01ἂο700, subbati. 805101, 808011,

80110100, 808011 94.
8030011 [10 1001000011180001011, 80 010011,
ξῗ3300310, 8033001οο, 81080 ,5, 6,

80101000. 800801010011.

80101031. 800 800110).

8010100. 800 81001000.

0000100000. 800 80110000

8011103100. 8001100100, 800000, 184, 159.

8000010001. 800 8000010001. ,

8000008010 [000 00000800010110010001
80011 1110010101, 800000, 120.

8000000011 [10 1101100103ωοὶῶ 8003001000
800000100111110, 2011· .

8011100100. 800 8001000100.

80110000. 800 8001100000.

8011100110. See 80011011.

8011101010. See 81010, 80011.

8011001010. 800 8001100101.

80110010. See 8001110101.

 

