BARONIES, ΗΟ110118, AND ms.

SUSSEX.

Aquila. 8001101110.
Β10101101, 1110111510, 3010111 01, 130.
(1111010011ἔέ, 111110111 01 1110 11101101 01, 154,

Effinge, 1101011101, 149151.
Jovingtlogg. (1011010101, 11101101 01, 130, 131,

101110, 1111111ςί 10011 of, 100, 111, 110140.

........., 1000 01, 143147.
101000101, 1101101 01, 278.

.......... 1000 01111011010101, 143.
Lanu„ 1101001 01, 129.

11110, 1000 01, 147.

1113110101, 131331011οη1, 1110110101, 128.
11011010, 100 01, 132.

.......... little 100 01, 128, 144, 147,
1011101111, 2111010111, 3010011101, 128.
80113010, 1110110101, 149, 172.

Trogos, 1101101 01, 155.

WARWIGK.

110111 11101111. 111111011101111, 1013011111 01, 193.

433

f WESTMORELAND.
1 1011110110οὼΙο0000100191198.

ἵ
1
1111101000.

3100111011. Β1011100110, 1110110101, 279.

0001100010110,1)01011101, 213, 218, 219, 237,
247, 253, 233, 279.

(1111051111, 0110001011, 1110110101, 232.

11011000, 000110 01 , 238.

21100170110011 Em, 000110 01, 252, 255.
233, 233, 234, 272, 277.

(11001005011, 1101011101, 214, 218. 239, 252.
(1100000101, honor 01, 213, 219, 243, 277, 278.
11111ομ1003 1101011011, Ηο1110103 Μο1011011,
1110110101, 243, 233, 233, 277279.
11130, 11010111 01, 217.
f 1011111111Ξ41ἐο1101181011111011113100, 0101101

0, .

1 1101000101, 1101101 01, 278.

¹ 1301111005οη,1101011101,214, 223, 253.

ὶ 1101150100111,00011001, 233.

g 81011003οη, 1101011101, 213, 254.
1101111113ςο, 2101) rob

243 252 ⁰

Ι wallingford, 7101101013 [00. 1101101, 1101101

1 01, 2142111233, 239, 273, 279.

1 19111011110100101, 215, 250, 254, 211.

1 winchester, 3010111 01, 215.

, 110001 01,

SERJEANTIES.

‘l'o 30301001ωο0 with bow 0113 0110110 01
· 711101 (111101111018 3010, p. 3.
'1¹0 tendor 43 3111000111οο with 0110 0111103

1101001000 003 01003 01 his own onst 101 ὁ

1 83010, 0113 1101001101 10 1000110 pay.
1110111 01 83. 0301, p. 9,
’ To 1111113 ηὓὲ 1111111113ῗυῖὗὲμίτοὶ 110100

 

