414

00010600, Combe, 0001600, 800000. 134, 160.
.................... 1101101101, 164.
001160οέ7, οὥ110601, 0011060010, 8011011, 26,

’ 00100660060. 80000060006.

0011060010, 00110601. 8000016001.
0011006011. 0011001010, 86011016. 16, 21, 23.
ὼ11101ἒΗοξὲ1ι1, 0011100 11106011. 8000001οο

00 1.
001101, 0011011010101, 130.
Gomara& 00100160, 01006 and 111110, 8011011,
4.

0010010160. See 0010101.
001011000006010, wiltu, 267.
.................... 0601011 01, 280.

INDEX 01⁴¹ PLAGES.

000116οἓ,6000100100 00000100100, 1111110210,

........., 0000101100060106 01. 232.

0001101. 8000001101.

0000160. See 0001060.

0001060 Β1001. 800 0001060 11100011.
0010060 1101111. 8000001060.
0000100660110,00010116010,10100001, 181, ,
0000οΜ0. see 00010100.

0010 [1101161 8011011, 40.

[800161 806011, 40, 63, 66.
00106010. 8000066010.

00106166001101 North 110100, 6011606600,
11016601, 8011011. 39, 69.

00100 [10 1110110061 001000, 81011016, l. 16.

0010101, 0010010160. 00101016. 001110, 01001 00100611, 00110110, 110111101176.

006 111610, 1111601212, 216, 224, 274.

.................. 060106 01, 297,

0010100, 00100600, 110110110οο0, 282.
001100, 8011011, 38.

001100 [10 0111011101610010100, 111161, 277.
.......... 06010601, 235.

00110021)ἓο 21151311001, 0011101100, wilto, 211.

Corynglegb. SceGoringloe.

00161, 0001061, 1101000101, 184.

cosham. See 00106010.

00010600. See Conington.

0000061. 80000061.

Conington, 00010100101000101. 182.

000100, 101000101. 186.

,,,,,,,,, 11001066, 000100, 0011100 Ηο1011,
0011100 111060111101001101, 303. 308,
3213311332 333.

00101016. 800 0061016.

001010110. See 0016011610.

00101, See 00060, 000100, 00600 and cough.
100. ·

.......... 11010101, 176, 192.

0010060011. 80000110060606.

00100600, 00600100. seecundum.

0016011610, 00601016,
1101000101, 304,

.......... 0110101101, 313.

00100 6181108016, 4.

.................. 1110600601, 19.

......... [10 06010601011, 00601, 1111111101, 176.

1061110101 11010101, 191.

00160106100016. 800 01100116 Pam.

0016160106, 0010116006, 1010011101, 184,

001100, 808011, 34, 116.

000010010160. 800 0011011016.

0000100100. See 00010100.

00161ἲό11, 001600, 00101 (sio), 11010101, 178,

&effla Ooteruggo,

00010110160, 0001001016 81110100, 0001011016
8601101 (1010100). 800 0011111016.

0011100100. 800 00010100.
0001161ἰᾶ 00100600, 001100600, 80001, 110,

.......... 0101011 006 0110101 01, 113.

00116000ῶο ἷῖέθ101000000011 00110660010,
00011οΞὲοᾆοἕ1101ἶο011010, 00011011, 8011011,

........ ,010001 01, 76.

, 0011100, 60100101, 183.

1 emnem [0 00001011, conlatam epyl-

¹ 0100. 0001001016 8601101, 0001001016

lavem. 000010010160, 0006110160,
wiltu, 266, 216, 227.
0100110160. 80001016016.

· 0106101, 010601016, wormat, 362, 323.

01011. See 01011.

0100010160. su 0111001016.

01000060. 8000101100.

0100101016, See 0100010111.

0100101 [10 11101 010010, 80110111, 34.
.......... 01001016, 801101, 060106 01, 116.

. 010000, 01000060, 1010110101, 186.
0101101ἶῖ11, ὃὲἜῗάοιὼ, 0100111016, 8011011,
0100100011. see 0101011011.

1 0101601051ό 0100110160, 01011016, 8011011, 39,

0100010101. 0101060111. 800 0101160111.
01001101, 0100011010. 800 01001101.
, 01011101, 800001, 137.
1010600011. See 01060011.
010011ος. 8101101 0101101, 808011, 64.
01006101111801010,01011οα Omnium 8000-
torum. 8011011, 36, 64.
¹ 0100110181. 11011, 01011010, 8011011, 36.
0100110181. 10101, 01061010, 11001 0101101,
8011011, 36, 64.
01011060, 010111060, 800 011011060.
0100011011. 010000001101001011011, 01000011,
81011016, 4, 12.
1100060101 01, 19.
01011010. 8000100601.
0101101600, 8011011, 83, 32.
0101101, 11011. 80001006018110101.
GrotyngAgnzrftigm Sanctorum. 801 010011ος
10 .
0110110110, 0101111160, 1010010.
.......... 01011060, st. 11011 006 81. 80101100,
0601060001,287.

 

