INDEX 01³ PLACES.

1881881. See 18881881.

1881111811. 8881888818881.

Welby. 01881881888181, 1811.

1881888. 8888181188.

18818818, 1181888181, 185.

1881188ἑ1ί788881880, worcester, 81181811 81,

188118888818818. 888111881118818.

818118811881ἑ881 71158811881, 1881188888188, 1881-
1118 , .

......... 1188118111, 1888888818188111181, 189.
1881188,18881,18818118. 8111181119, 242.
1881111181. 888 1811818181.

188118118188811 [18 81118881 1888818811811188,

1181888181, 183. ’
18811181111818. 88818118188111818.
1881181881. 8881811118118111.

188888188881111, 18888188881111. 8881888118-

worth.

Wenfleld. 888 1818108111.

Wenhagffi ξδ18818881111118, 11111811, 21, 36,

« 1888888188, 8811811, 311.

18881888. 888 1881111811

1888881. 8818888881.

1888118111 [18 1181888811 8188118111, Suum.
128142154. ·

18881818. 88818818881.
1881818888. 88881818188888.

18818818881181881811118118. 888188118188181. ⁵

1881118188. 888 1811181888.

1881888888. 88818811188118111.
1888888118, 888 8181818881.
1881881818. 88818818118111.

1881881888. 8881881181 Wigoru.
18818180. 8881888181881.

18818188. 8881818888188.

1881111888. 888 1811111188.

81888818. 888 1881118811.
18881888888811118. 888881811881111, 18881.

1888111881. 888881, 8118181181, 103.

¹ 1888188888811. Η8188188811,Η8181ο881,888-

sex, 187.
.......... 8118181181ιά vieamge 81, 1811.
1888111818. See 18881188.
1888188188, 8188118188, 8811811. 81, 55.
8188188118, 8881888111811.

1888118881 [18 8111811881 181181888818,
181188888818, 181118, 279.

¹ 88881188. 88818881181.

1888118188, 8811811, 38, 59.
81881188, 81881188, 1888181188, 8811811. 44, 81.

[ 188818888818 [18 8188881, 1888118888818,

1881888181, 807, 319, 882.

’ 1888188888188818188888, 888881, 180, 161.

188818888818. 888 818818888818.
1888888188. 8881818188.
18881881181888181). 888 1888181888.

’ ,.., stafford. 888 1888188 under Limrd.

......... [18 81888881, 81811818, 4.
.......... 8811811, 40, 104; and 888 1818188.
.. .....,888881. 888 88111888.
......... [18 Β8111 8]. 1818188 Ernmld.
8111111181,17 ,194
[88810888881881 18818181. 177.
[18 188308881881 18818181, 174.
11181818. 8881888188.
11818111, Η88118. 8881888188 under

μ ........ ῘῊ1118188888, 1. 16, 81, 81.

[11811811 81111811, 47, 72.

[81. Mary. Ι18888], 8118888135.

88888188111818. 8881888188 under
Weatherly.
under 11188111, weston, Weeton
11111818, 1888188 888118 81811810, l.

.. under Weatherly. 1888188 subtus
18811181818818181, 198.

18881888. 888 8188, 81881.

. 1881181ἰ1151ἓ8,188811)8188,8881888888. 140, Ι ψωωῶἑῑῃ Highwortm, westhorp' wilm·

.......... Borno, 81181811 and vivarage 81 . 170.

1888181881, 1888181181. 888881, prebend 81.

1888188118. 1718188 1888888188.

1888111811, W 1118, 210, 210, 228, 275.
8118181181, 297.

¹ Wentwighringo. seewittering. 18881
’ 1888111888, 1888111888, 181118, 210. 248.
1 8181881088, 1881181888, 8811811, 35, 81, 99.

1881118118 8811, 1881881188818, 18818811888818,
888811, 33, 55, 93.

1111818 [in 1,.88, 181881. 18, 192. 1 Wexoombe [ἰιιῃίέτωι Rodum. woxoombe.

188818811[18 11811181, 18888818, 1881118818.
Surrey. 109, 182.

1888188811 18 8811888818, 181118, 224.

1888111888. 8881188818881.

1888188181. 8881888181881.

8118881 811881. 8818188881, 181. ³
wentorfleld, 188818118111, 8811811, 26. 86. 81. 1
‘³⁹ 1 .......... 8118181888,

1888818818, 8118881. 141.
8888181188. 8881881181.
1888111810, 888881, 150.
188811181118881118118, 8811811, 39.

. witta. .

81888181, 264.

1 1881188111888881811. 888 1888111888.
Ι 18811188ῗὲ, 1888881338, 881181, 81181811 81,

8111811888, 1811881188, 888 81811188.
1811881188, 8818288.

1811118811, 1811818818, 81818181, 178,
8188181818, 888 1811818818.
181181811οό1 [18 8183888111, 81118118818818181,

 

