1111111 01 101010.

1100181181016011810011001, 11011101, 1101000101,

1101180101 [ιιι 0111111001 11011101 (North 1),
{¹3⁸³ 11ορ0101011, 1101000101, 300, 12,

11011011, 81111011, 47, 72. ,
......... Τ(110), 0811101101, wilte. 800 11001011
01100.
. .. , 1101000101, 08000101, 317.
........ navant, 1101181011, Nonou 8010111,
111110, 212, 274.
.. ............. 1101111101, 0811101101, 237.

......... by 1101110000, N 011011 juxta 1101100000,
1101000101, 808. 809. 319

Interior, 11011011 curly, 1111111101,

........ [11111001 1010011101, 188.
........ 81110000, 1111111101, 179, 191.

......... on 180 110010, 11011011 01100110 1110100,
01110101, 12.

11011101. 800 8011811101.

.......... juxta 110001ηὲ0111. 800 1101180101.

110100. 800110111ος0.

1100100, 1100010, 1101000101, 188.

Notburbng, 1101110111, 1101800100. 800 Nut-
111110.

110110100. 800 1111111010.

notham [in 0001111100], 8110001, 100.

Notio. 800 11111100.

1011010100. 800 1111111010.

Nova Terra. 800 1100110110.

1101011011[111810111010], 1101000101, 829.

Novum 0011111111. 800 11000001100110011101110.

Novum 1101001001. 800 1001001101.

1111111011ωο, 1111101110, 8018001110 [near 081· ⁰⁸

0800101] 800001, 140, 188.
......... [11001 Pulborouth, 1101811100, 1101-
110111, 8110001, 142, 184.
1111111010, 1101111100, 80110101008111100, 109.
.. 0811108 01, 114.
1111100 [111 11010080Ιο1,110110,8110001, 189.
1100111011)ῖὲ [in 10080111111011111810, 800001,

1101011801, 1101010810. 80011001111801.

8000111011. 800 8001001011 81. Man-y.

1101100100, 1101101011, 1101101011 10110. 800
100110111οο.

1100101011, 801118 0001100100, 80018.

11011110. 8001100101.

0

000110, 00111080, 1101000101, 184.

0111011, 010110, stafford. 18.

0018111 [in Hungorford} 1101111111, wilte, 262.
001100 [1001011101 0010, 81111010. 7.
.......... 0010, 00010, 81111011, 34, 88.
01110101, 010101, 81011010, 13.

111

001000, 11010000 (tic). 1101100οο, 110010000,
11010000, 111110, 209, 214, 228, 287.

.......... 0811108 01. 281.

0010 [in wilootJ. 010, 111110, 201, 271.

0111011. 8001111011.

00010. 8000111100.

0010110. 800 001100.

00180111, 01811111, 8111100108, 124.

.......... 08010801, 117.

001100,1 (gello. 0011010, 01010011, 8111100, 109,

.......... 08111011 01, 110.

0010. 800 001100.

0001000. 80001100.

000001010, 00001010. 8000001001.
00101010. 800 1101111010.

0001001, 0000011110, 00001010, 111110, 201, 248.
......... 080108 01, 238.

0110110008, 8101111080, 1111111101, 177.
0110081111, worcester, 081100101817.
01101011. 800 0111011.

01111001, 0810010101, 143, 188.
0110010ιέἑί11531000001011 01100100, sm,

01100, 31080011, 810000010ᾶο00, 81011010, 8.
.......... 11108, 0111011010οο, stafford, 11.

· 01101011ἑέ 1100111 11011011], 11111·11101,178,

0111011, 01101011, 011011, 808011, 88, 82.
01101000. 800 011100.
, 08001011. 8000881ῄο11.
0180111. 800 01180111.
011011. 8000111011.
boumn 1100000, 0101111111 (0110801110)
1110000 (110000), wiltu, 200, 289.
......... 8181101011, 0110801110 Pam. 010-
0 801180008011000, 111111, m 288.
......,.., ........, 0811108 0110νί00100οο1, 287,
1 .......... 81. emme, 01080101 Sancti 0001011,
0110801110 Magn, 111110, 2111289.

1
1

................... 0811108010 01001000 01, 287.
0001010. 8000010111.
01011111οΜ8113]οιιο (110000). 800 0080111110

.. .. Sancti 0110100. 800 0080111110
81880100.

......... 8011011 0001011. 800 0080111110

81000100.

01010011. 800 001100.

010110. 800 001011.

0180111. 800 00180111.

0110801110 Magna. 800 0010111110 81. Georgo.
--------- ,1001 01001- see othum·

Pam. 8000080010081.Δ1101011.
011010. 8000011οο.

010001. 800 0010101.

0101000101000. 800 01100.

010110Ἓῖ, Ullum, 1101000101, 080001 01,

0100 11001011. 8001100100, 010.
0100118010. &cononum

 

