1 INDEX OF PLAGES.

U
1111100133, 91110100, 11100100, 8111011, 39,118,

1110100. 810 11111011 1101011.

1111100 810 1111100100.

11011011, 1101100110, 800000, 139.

1111101010, 00110010, 800001, 193.

11110111, 81111011, 42, 91.

........ ,, 10000101, 99.

111100, 01100, 11011101, 177.

11110111, 01010111, 111110, 249.

1113001601, 1113011010, 1111001010, 8011011, 39,

.......... 1110001 01, 98.

1111010110. 810 0111101100.

1111001011, 01001010, 1101111111, 179.

1111001101110, 0100110111, 1101000101, 184.

1111101100, 11011100. 810 110111οο, 1111.

0100101100. 811 1101101001, 01001.

1111101110, 1111101000, Ηο1111101000, 111110,
204, 218, 271.

........., 01111011 01, 292.

1111101100. 811011100.

1111110100, 11011010, 801001, 1110110011 01, 107.
1111111011 [11100101011ω1 1101001101, 327.
1111100, 1101000101, 189.

......... l§lig 1111001011 1111001 (110), 11010101,

[in 8011011 11010101, 174,

[10 Eut 11001101 wilte, 227.

novell, 11110100, wiltu, 211, 217.
......., ,..,....., 01010101, 298.

[old. 10 81001111 1101000101, 910.

00 8010111 (super 80111000111101000101,

,320 932.
.............................. 0111101101, 314.
8001010010, U 1011, 1111100 Εο0111101001,
· 111110, 212, 273), 274.
................... 01111101 01, 297.
.......... 1111100 8001111011, 11111011 Stephani,
1111100, 1101001101, 3011, 922, 327.
................... 0111101 01, 313.
1101100, 1111100, 1111100 11010111,
0000101000, 000, 000.
................... 01010101, 2111.
1111111001, 11101001οο10, 11010004.
.......... 0101010010, 010101 01, 291.
11010010. 8001110010.
1111000101, 1110100101101, 81011011, 14, 21, 22.

1

1

vam-trote. 8118010011010.
10011011, 1001001011, 801101, 126.
Vetere Ponte, 111. 800100101100.
1011010. 8011001011.
1101011001. 80181001011010.

Ι W .
wadborough [10 11011 010001 wadium,
1101000101320.

⁴ 3 waldon. 801101, 110.

......... [10 11001 0110010001 1110111100,
1110111101110111100. 111110, 200, 239.

.......... 01010101, 290.
170111010111011010101, 800001, 139.
1101100101. 81111001100111111.

1101101100, 1101101100, 1101101100, 800001,

11010011 [10 111010110011101000101, 194.
.......... 11011010, 1101000101, 010101 01, 319.
......... [10 11011 010001· 1101000101, 300, 322.
1 ......... [10 81110110011101100010. 1111100010,
11010014, 219, 279.
1101110100. 80111011100.
1101101100 [10 8100311001 800001, 140.
waldingfeld. 800 waldringfleld.
1 Waldhffli, 1101110110111, 1101111οῄ0110,
,8011011 21, 29 4110109.
........., 1111110, 8011011, 28, 49, 39.
110111101110111,31121111111ὲς1011, 110111ίο31011,
0, , , .
11011100, waldeno, 800001, 131, 112.
111111110ῄο111. 810 Wnldingflold.
Wnldynghnm. 81111001ος10ιο.
11010010. 8001101010.

waleton. 800 1101001100, 1101100 and Wal-
· 100 0011101000.

, ......... 1110810000. 8111101100, 81011011.
11011100. 8001101100.

1110110101, wama, 0011101000,
1 113111οω1000, 00101. 100, 101,

......... 01111011 01, 114, 1111.

11011010. 8011101010.

· wall, 110 wan, 81011011, 9.

1101100011. 8001101010.

4 1101101201 [10 Reddington]¹ 11010100, 801101,

walpulo, 801011, 39.
11010011, 1111101010, 11010118101101119, 14.

 

