406

800111004780111001 (11001, 801101, 0001011 01

.......... 800111ιο,811110, 8111101125.
80101111. 8111111011, 801101.

8010501110. 811 80111010.

8011000110. 811 8011101111, 1101110001.
8011011100. 811 8111011ομ00.

80100. 811 1100111001αο

8010010100. 811801100111111050.
80110080, 1100010110 01, 289, 200.
8000111οι. 811 80011101.

8010101111. 811 8011101111, 11101101..
801111οι, 80111100, 800001, 141. .
.................... 01101011 000 1100101110 170.
.......... [1101100111 01, 187.

8011014181,δ 80151001, 8011110111, 1111001101,

.......... 11111101, 8οο01101111, 1101011101, 183.
801011οἓ61ῗο1[8141811111],8011101001100, 1101000·

8010110010. 8118011000010.
8011110100. 811 8100101100.
8011001010, 8011111010, 1101000101, 187.
8011011110οι. 811800110111101.
800000. 8118011000.

8003110100. 8118000100.

80010100. 8118011011.

80011001010. 81180010111.

800130, 80010110, 80110, 8011011. 42, 91.
80010100100. 8118010100.

800100. 811 8001100100 and westboume.

8001101117[71ι11109113 8001010101 80110011011101.

8001100 (11110).1111111100
8011000, 01011, 800οο0, 8111001101, 185.

8011101534θ {Instabam ,8011010111 Buggeley

Bowley [in PaghamJ, 800410, 801101, 157.
801, 8010, 1111111, 208, 252.

.......... 0110101101, 280.

8011010, 808011, 48.

80111010, 80111010, 801101, 157.
.......... 01101011 and 1111111001169.

ΒοιωάἒὸΒοέίὲιόο. 8011000, 8011100, 8011011.

801100, 8011011, 91.

......... [0011810101 80110111, 45.
.......... 811 801100.

801100, 111111, 211, 257.

.......... 0110101101. 296.

8110110011110, 8111010011010, 810001010001,
84410117 0011010111011111 1001111110 01,

81000010181111111000 8100101.
8100011011. 81181000101010.

8111000011. 81181101101.

8100010111. 81181000010.

......... 0010011111. 811 81108010 0010111101.

........ c{molor (80011101). 8118110801081.
10.

811001010. 81181001010.

INDEX 01² 8101088.

,.811001010 8118001010.
8110010. 81181001ογ North
1110111181111110111
81000101. 811 11111000 8100101.
, 8100013140. 81181101ογ and Bmdley 10 1111
4 oon.

81100111 1111110111. 811 1011000 8100101.
81100101001001. 8118100101.
8110011101. 8118100011101.

1111001111. 811 1110101110.

¹ 8110011011. 811 81000011.

· 8110011010. 811 81000001.

410100, 110.. sa 1011111 000101
4....80010111 811 1111011110 81 01111
........ 1800001101ωο. 811 81000010 81.

4 00νο

181108οὲξὲ108011011011001 ,1111001010 wiltu,

”””” 0101111811ιο 01101, 00, 10, 11.

81. clm, 811001010 8000111 (8001·
&124 81001010 80010101, 808011. 31).
81.. Georgo. 81001010 11οο00110010.
808011, 48,

811001010 0011511110,

81101010[01011],11’1111, 210, 283.
,8111011010 0110101 100 0001011 011291,
8110101100. 81181011011110.

81003010, 8111003110, 1101001101, 182,

8100101, 811001ος, 81111010, liberty 01 , 2.
......... 3431141343810011. 8110010101801001101

...,,,810001010 (11011. 8011011, 45, 75.
...Lm-¹0, 45.
l111 1110 010010810001010, 8108010,

...,1101111, 8110010, wiltu. 210.
................... 0110101101,291.
81000101 [10 8001031001 18111101, 175.
8100111101. 8118100011101.
8110110118100011011, 808011, 88, 105.
810111οι. 811 8110111101.
81111018111101,110111101,174.

810110101111.811111011110,
808011, 81, 58.

8101010110ιο. 8118100111111110.

8101010101810100111100, 8118010, 21, 22.

Bmmbolty. 811 8110111111γο

81110101, 81010110, 801001, 1211, 140.

8110111110 [10 8111 011001100181001110111.
8011111110.

Erimon-th,

8111100010 [10 80111011οο1 11111101, m.

8101011010, 810010108110101010, 8100010100,
8011011, 89. 58, 59.

81001010, 80110111, 35.
81110104ἑ1810100101, 8100010111, 801101. 109,

8111011100, 81101100, 808011, 81159.

81110111οΙ1, 8100100011, 81011010, 18.

8100111011, Β10101101111110, 810001011101110,
wiltu. 201, 248.

.......... 810010111ιο00, 0110111101, 2111.

 

