116111 oF 1111116.

1611666111, Peter 66, 186.
1676166616. 8661661616.

1616, laugha, Iaeyoe, 14666 66, 68.
.......... 6661116166, 28.

......... 11166616 6660.

........ , william 66, 60.

1616166. 8661616166.
1116661611111611611616, william, 26.
................. ., 61 natham, knight, 628.
1116111616, baron of, 2.
11166116161111111616, 169.

1111166611, John, 266.
.................... 1111161. 264.

1116666611, Lylsul, Lylshyll, 66. 18616111, 66661

111611111111111, 161. 111, 111 185.

.......... 6611 61. 76, 127, 263. And ›eee 1661.

Henry 66.
11161, 1166611, 96.
11116. 86611116.
11166611, Roget 66, 8.
Linum, John 66, 186.
1161611116, 66166616661616, 266, 27 9.
......., John, 62, 71, 233. 246, 266, 266.
.......... 1161611617.
..,-...., 1666161266.
.. . 1161161, 6696, 164.
......,.., 176111164, 266, 278.
........ ,,11661611661,64.
.., william, 142

11616616. 111161161111161666, 1661161114.

.......... william 66, 246, 277.

11161616161111616161611116616616, 1616116616,

11166666, 66, 76.
.......... Aliae, 76.
........, Βα11116161661166, 46, 76.
.......... John 66, 66, 76.
,,,,,,,,,, 16616160, 76, 81.
.......... 1166611 66, 61.
Stephon 66, 76.
......... Thomu 66, 61.
.......... william 66, 60.

1116616661,116616116,Ι661661 [661166111661111 ,

prior 61, 268, 272.

1666166. 16666166, 16611616, 11161166, 177.

184
.......... 1616114.
16661666. 6111116166.
1661616666, 1166611, 148, 149.
1661666. See Ludlow.
Iaedmpp, 1171111661, 241.
Low. 66161.
16166166666604.
.......... 11166616 66, 1, 176.
1616161. 8661166161.
1611666, 61666661. 108, 141, 166.

.......... 2666663616, 8166616166, 6161161116
gnte, 81116116, prior 61, 110, 118, 22

’ ......... ,l 2811. 8611661661166166616666161,

363

J 166666, 16666616, 1111161161163.
.......... 1116116166 66, 268.

1 .......... Roget 66, 111.
Ι .......... 17611616166611616181. 71661666,

1761661161, 624.

3 1166361111116661166, 184.
’ 116611611166111616, 1166161616, 161661, 267.
¹ .......,166666,207,267.

.......... 1116116166 66, 13.

, ........,,11116166,6.7.

.......... 11611611. 243.

1611161161, 1161111116 66, 207.

16116616, Roget 66, 61.

161611611ἕᾶ1. 1161616166, 66.866661,166161 61
1161111611, 1161111 66. 212,

1161111, Philip 66, 10.

Isos. Bobert, 212.

1 1166666161666616, 0161116666 61, 88
⁸ .......... John 66, 41, 42, 66, 88.
1 ................... knight, 91.

.......... 1161116668.

.......... william 66, 48, 86, 91.
16611616, John, 149. 160.
16666166. 8111166666.
16611. 8611666,

1616166. Seeboveyn.

1616, Hem-y, 164.

11616661, 11166616, 26, 66, 49.
........ ,1161161166
......,..,6]1111,26,62,76.
1616116161116161, 16611, 267.
......,..,.1666, 1116, 269, 260.
.......... 1166161278.

.......... 11166616, 142, 267.
.......... william, 11111366264. 267.

1 ..., 1616 61, 278, 279.

11616111,8166666, 200.

1161111, 1166611, 6.

novet, John. 306.

11616161, John, 86,

.......... 1616 61 , 66,

1161676, 11616166. 1666111, 1666, 72.

· ........ , 161116, 71, 72

.......... 1116111166 66, 60, 64.

........., 11666, 71, 72.

.......... fflmQffistffiM
Lewze, 11166616, 110.

11666, 16611 [cs. 16111, 11661666, 22.
.......... 6616116161, 22.

.......... Philip 16, 176.

” ........, 6616122.

11666. 66111161.
11666166. See 16616166.

 

