420

11010110οι, 1101001010, 0011011, 41, 86, 87.
.....,,001103 100123.
.................... 01101011 000 0110001 01, 117.
....1100103001,117.
1101011011 ,1100 1101011111.
1010103 [11101101300],000001,151.

11οι0011010 [10 Ηο1101ιο101 11110010001010-

011010, 000001, 130,140. 172.
1001000011. 3001101011.
1101110100. 000110011011.
1100011010. See 1101011010.
1001003333,1101001110,1101000101,0110101101,

110110 [10 111031101010111103, 100001 01, 100.
1101000110000110010011010

110100. 00011010.

1101311001. See 1101011010
1101110100,1111111110110,01111011, 42.
1101003103.00011111003103

INDEX OF PLAOFS.

11101011332 3703000101 1100101000, wilt»,

.......... 0110101101, 290.

111011οι0101 [10 01. 1110110011 1110001011,
010110ιο, 8.

1100011000. 000 111011011οο 140301.

1110001011, 0001100010101.

111001101ωο See 1110101100 00311· 01ιο 11101101-
ton 1101010010.

1111110100, 1130011011, 01110201.
.......... 1111011110, 0110101101, 290.
0110003330, ,.1131011101111 0110000, 0110101101,

1110011033,8 3210301103, 1101000101, 300, 312.

.......... 01101011 000 01111001 01, 310.
1110011030[10140010131111010111303017001-

100101000, 198.

1111100133310232101100010001111010100000100,

1101011010, 1101311010, 1101311010,οΜ1, 143154 3355555053 [in 33333303] Flmugbrok

11010110136 3131001001, 11010110οι, 0011011, 30,

11000303 00010100, See 00010100, 10003.

1100100 [1001010 upon ’1100110101010Ι 18.

101103300011011103

110110, 1101100. 00011110.

1101011111 [10 1101111131 1111011011, 1111011011,
1111111255.

10101110. 1001111101

110111031011033,1101130300110000120142.

11010101110001101111010

1101111303 10 301100 01111011, 77.

1101011001, 1110011101, 1100011010, 0111103, 125.

........‚ 01101011 01, 117.

11010 [10 11013111 110100, 01011010, 13.

11110101111300.000110010001001’·

111111100. 0001133010.

50, 251
.......... 1111010, 0110101101, 294.

1113110102ωέ1, ᾖ143310100111,3101000, wiltu, 199,

.......... 1111301000 (sic), 0110101101, 290.

.......... 31001030 01, 01050001000100, 237. ξ

1110100001110, worcester, 303
1111003103, 1101003103110111101, 191.
1111101000. See Felixstow.

1101010031,1300101310,113ιο1)0131ι,101οω11

and Littlo. 3011011, 35, 04, 98.
1110000113οᾱοο 300001 134.
1100103000.

011011

11110,17001,1101·100, 110110, 0101113301

11110110110001101011111.

1100100100,1101100100,1130011000100,1310110-

borne, 0110001, 141, 157.
......... 01101011 01, 171.
1100003010, Gara, 000001, 143.

1101101100 Anger, 1100101100, 1301101100,

wiltu, 229, 243.
........., 1100011000, 0110101101,292.

341133303110,113010311110,“

11101011811113Ξ112Ξο,ὅ 111οι01, 11101011, 1701000101,
......... 111 ’110ιό1, 010.

1110110100, 0110000135.

11100003031110011103. 000110101103.
11001003,1110100030,1101000101, 185.

11001000 [10 1101100000010111101100110,
11011110, 1111111101, 176, 194.

1110100030. 00011001003.

1110100110, 11101110 0001110010οο
1100000110, 000110οι01111.

1110010100, 11001100, 000011, 44, 01.
“111000111,1101000101. 327.

1110101133ὁ 3170311103, 1110001303, 0110001, 132,

0111131110 1111111000,11111101,15511111111[11111111]11110100111111011

1110100550011011, 98.

11000051010001111011111001.

11100100, 11010100, 0011011, 53.

1031101000, 1030011001οο See 0113310010οο,
St. 10101.

1101303100. 0001011103100.

Ι11010011111[111001001131 1013011011, 11010101,

1101100110101. 000001, 139.
1011103100, 1101303100, 001001 140. ·
[1013011011 000 1010011111.

1100111111 111011οο,1001011,1100101100100333
1100101 1101000οι 111110, 200, 217,

,0.,1101011 01, 293.

11111001, 1101101011 0111010, 11001011
(1100101) 0111010, wiltu, 211. 255.
................... 0110101101, 293.

11010, 110100, 000001, 143, 155.

......... [0001 0100101000111001110 110100,
1111111111.

11010103,11010010,0011011,33.

1 10110010011010, 0101101120.

 

