INDEX ORTENANTS.

160116, 1000160, 1010160, 1010, 60, 61, 125,
.......... Margaret, 127.
.......... 11101010, 61.
110101016, 41100, 211.
110001· 60, 2.
11001, 10006, 10001, 10101, 1010, 166, 262.
.......... Thomna, 246.
1100101. 10100101, 1010 60, 17.
.......... Thomu. 6.

.......... 97011010 60 6, 4.
11010, 1010, 150.

1101,οοοο 110010, 29. 70.
110100, 100100, 00. 77011101, 0110100 01 192.
1100601100.
110016,1100016,100016,1000016, 1010, 66

1100, 11001000, 2101016 60, 7.

.......... Ι11010οι 60, ll. 17. 174.

.......... william. 164.

11000011, 1100011011[00. 10111000100181601
01, 176.

1100016. 6001101116.

1100011011600110011011

Piri. 11101016 60 6.

1111100,11110100,1010100,11001110060669.

.......... 1010 60 119.

.......... 20001, 256, 267.

1100100600 6001101101ὠο0.
11010. 60011001.
11000010,1010006010,265. Ι

1100600, 1100601. ⁰⁰¹ ⁸³⁸⁰ss 69οῩ 01 ὼ

hospital 01, 151.
11001016, 11001016, 10111 60, 66, 41, 86.
.......... 1110101110 60, 66.
Phys, 111000, 11010, (1110101173, 74, 160,

.......... 1010, 61.
11101016 60, 76, 161.
1101011, 1101011110, 165.
Pleni. Ple-etia, 11001 60, 0, 6. 9, 2111.
11001016. 6001101016.
11010001. 6001101001.
1100110110, ’1101000 60, 26.
1101001ὐ111010001, 1101000141011, 200, 201,

10001010, 150.

106, 1701101, 96.
10601006, 1010, 151.
.......... 6100100, 151.
10010100. 6010001100

1010,1001,11101001601000110161ι11011, 96.

1010160 10,01Κο101001010,662
.......... 1701101,101011,121,266
....,171111010, Ἀθ.
.......... 9710601010 60 1016.
manath. 00. 9711111101, 01100101 160.

2 101101001οο, 11101016 60, 206.

101100, 1010000, 1010, 165.

.......... 1110010101,166.

1010000. 600101100.

100100, 100100010010000. 600 10001001.
10010, 1010 60, 67 .

.......... 1100011014.

Ponte 11010111, de. 600 201011106οο.

1000000103100, 10000000, 100000000. 600
000 .

1001. 600 Polo.
1001010, 1100102211, 226, 244.
......, 1010, 101011, 222.
1110100ιο1, 269, 244.
.......... Stephon. 1010111, 269, 246, 244.
1011001006. 1010 60 40.
1011010110101100 6111111111οἵ ;[00. 6001101110-
100],10001001, m.
101101, 6001001610, 606.
.......... 610101610606.
1011000011, 1011010011, 1101600 01 110
100011010161. 11010 10, 141, 156.
10101000101110, 11610006 60, 76.
10100100, william, 149, 166.
1010010111, 1010, 121,
101100171111010, 161.
10001101, 1010, 261.
100010. See 101101.
10001100,8 10010100 [00. 601101 prior 01.

10010110110. 60010010110110.
1011101, Alios. 266.

..., 1010, 264, 274.

........ ,7711110οι, 266.

1000100000. 6010110000.
10111101, 11011011, 161.

101101, Ponere. 1010, 608, 609, 619.
.......... 1110101610, 606.

, .......... 6100100 10, 96, 164.

Pom, 6100100, 159.
100101100100110124,
.......... 1010 0110 124.

10001001, ,1000000 ..1001000 100100, 10010001
100000, 0000000,100000010,106001,

.......... 11111060, 129.
..... Ι0011010010 60 40, 166, 167.
Μ10100160 69, 69, U. 161, 144, 160,

Μ161,162.
.................... 11010010 1111001, 166 167.

.................... 101011, 59.
.......... 6101016, 121.
···················· knight. 230. 242. 2411244.

.......................... 1100010001030,
242, 246, 244, 257.
...,,1401011 1016 01 162, 172
.......... nouando, 63.
‚ ,1016611010166

'rom 0001, 000.

 

