840

80601006, 8111100060, 277

8061006, 1060, 8010 01, 198, 268, 269.

80610310160, 11600006 60, 88.

......,.., ,...,,..,, 11ιο6011001, 88.

.......... 101οη 60, 61.

,...,,..,, 80100010, 61, 02.

.................... 101061, 61.

.......... william 60, 61.

8060036000, 806001, 149.

80600, 8600006 60, 244.

8001. 800801.

6000600001000, 00. 190010οο1006 panon Ι

’ 01. 800 260000ος, Ι

80306000, 8006000. 800 80136010. s

Regulosgato, John, 239.

80136000, 80306000, 8036010 [00. 11001], 06601
01, 181, 182, 188160.

801, 8001, 8106006 60, 28.

.......... 8060016018.

80110 1100100701, 60. 800 800 11011οο10.

nebron, Henry. 120.

8010600000. 800 8000060010.

80106000, 80600160, 000101 8600006000, 4.

80100, 00000101.

80101, 1000049.

.......... 806001, 86.

80160001, Agnes. 161.

,,...,,..,100601, 149.

Bellero. 1060, 164.

8011060. 800 801110.

80110 Campo, 60. 800 8000060000.

80110 1110010, 60. 800 8000000001.

8011000001, 8111110101. 800 8010101.

80101060, 806001 60, 64.

.......... 80μο 60, 64.
80100101ἑὲ0 8010000), oo. Iaeieoetor, prior 01 ,

8010033, 106060, 62.

8000000γί0, 8600000, 147. 1
80000100, william, 60. 1
8000601. 8008006010.

80000100100, 80000ιί03100, Philip 60, 132,
.......... 8106006 60, 182

80001, 800011, 800001, 1060, 61, 218.

......... 806001, 164.

,...,,.., 810000, 81.

,,,,,,,,,, 1011100109.

8006010, 8000601, 806001 60, 66. 68, 68, 69,

,...,,..,, .. ....., 1010616886, 87, 88.
8006000, 8006000, Aliae 0110 01 Thomu, 243.
.......... 106060, 202 248.

.......... 1600000, 244. J
80001060, 1060 60, 79.

8000100, 81060100, 66.

800100111060100, 229. ¹
800100, 8060100, eo. 800000, 00010001, 164.
8000600100, Alex-udor 60, 189.

,,,,,,,,,, 8106006 60, 176.

INDEX OF TENANTS.

800600011. 800 8006000110.

8000, Sibyl 60 10, Η0000110000009827.

80001006. 8008001006.

800000001000001201.

80000001, 80000110. 8008001001.

8001006, 80001006, 8600006 60, 189, 190.

......... 106060, 262.

,,,,,,,,,, simon 60, 184.

.......... william 60, 10, 16, 174, 180, 182.

8003000000. 8001460ομ0000).

80006. 800 80006.

800600οβ16οω, 160.

Barbam. 1060, 161.

80010100, 8001010. 8001010 1060 1013111011.

.......... 100601, 221, 266.

. ....... 11000100 60, 199, 216. 240, 242, 248,

............ ssfflmmmmm

.......... Thomu 60, 216244.

.................... 0100600100, 806, 829.

800100, 8100600, 62.

Bon-loy, 80010, Roget. 246, 248. 247.

800000060ογ, 80000060000. 00. 8000ογ, 06601
006 0000001 01, 120, 127.

,,,,,,,,,, pmmmmmmm

80000000, Hugh 60, 186, 187.

8000006, Adam, 29, 70.

.......... 000110 0110 011060, 291.

,,,,,,,,,, 1060, 278.

,,,,,,,,,, Roget, 267.

80000οᾱ00100, 2100000060, 76.

,,,,,,,,,, 0011006076.

80000603100. 800 800001001οο.

8000000, 1111006016 60, 79, 124.

,,,,,,,,,, (1110080, 82. 79.

,,,,,,,,,, 11100300] 60, 108.

80006000, walterdo, 89.

8000000600, Walter 60, 76.

80000, 860006, 66. 104.

,...,,.., Hugh 60, 40.

80010, Walter, 93.

8000011010), 066000 01. 800 9160000011.

8000001, 80000001, 80000110, 0116001 60. 241.

,,,,,,,,,, 106060, 206.

8001006, Alexander 60, 808.

8001, 806001, 280.

8016000. 8008001600.

80100. Thomu, 189.

80110, 1060, 96.

8000600100. 800 8000060000.

8000101. 800 800010. -

80001001ωο 0110 01 nicholae. 282, 286.

1060. 288, 261, 216, 278, 279.

.......... Thomu 60, 282.

800010, 8000101, 1601000 60, 11, 16.

......, 80110010, 4.

8070111, Ima. 194.

8660600001οο 800 8100600006οο

 

