INDEX 01⁴* PLAOES.

3011011ἔ1Οά [in ,3011101111 301101301010,
301101οἷ117.3111101001Ι 3011010001, 3111101,

.......... 011101 01, 112.
3111101ἓέ11 ,5330111010130 3010010130, 3111011

301110, 3030110, 3110001, 133.

3011101130. 300 3011101013.

30030001, 3013000010. 300 30113001.
3010101001, 31100101, wiltu, 011101 01, 294,
Barda& 30130001, 3013000010, 3111011, 42,

3101101101, 31010110. 99011101. 180.

301301, 30301, 01111101.

30101111 [11 3011110101].311110001110,
301Ιο0111 191110, 211 233.

3011101, 3011101, 3111011, 31152.

30111οω1110. See 3010111

3011101 bufin ο1131 01], 3011101, wiltu,
01101

301101 1901000101, 011101 ο1, 317.
30011180ὰὲ311 ἓ113034131110, 3011111, Bolingae,
3001101100. ’3003011111
3001101179311111, 31110 Episcopi, 19010101,

, 3001300011. 30131011, 9911111101, 179.

30001011 [11 9010110111 3001101100,
30101300, 3111011, 71.

30010011 [1111011011 30110010, 1911111101, 179.

3010101. 300 301101.

3011. 300 30011.

3000100,3111011,40.

3001001011, 300100011130011011030. See
Botehwonh.

3001111010. 300 3000111101010.

3001111101 [in 3110101130111110101,
301111101, 3110001, 143, 143147.

3001101111] [11 ,4101111130111111101
3001011101 00111101 239.

3001101, 3001010,310001,133.
3033111101, 30311110131011, 139.
30331111311 1305311101, 303111101. 311101.

.......... 0111101 01, 113, 115.
3030311101. 300 3131111101.
3030111111, 303011010. 3003031011.
3030110111. 30030310111.
3030111130. 3003031111.
30311013, 3030110130, 311011, 33.

10111101 [1100011 hngsonu 11ιο ’,110010 3000900
1011101. 3030111101, 1111111110, b 9⁸·

237.

3111113ἓ13ω30311110130 3031111013, 3111011, 1

3031111011. 300 3033111101

3031111101. 300 3033111101
mudlnssgmhffl' 3030111010, 31011013, 3.
30301. 3003111301.

403

3031111 3101003311110, 3031111 3030111130, ’

Est 3030111130991110, 233, 217, 221,

..,1010111 01, 234.
' 101131192119113
1 3031110300030031111.ωηο

; 3031111013. 300 3031113013

303111101. 300 3033111101.

30011, 3011, 3010001101, 131.

30001[1ιι 310101 303001, 31011013. 3.
30001111ὦο4ωὲ,131702101001010 31010, wiltz.

! . ....... ,3001111010, 0111101 01, 233.

3003111, 3031110. 310001. 135.
3001011. 300 300101.
3001101. 300Βί1101.
30110Ιο11. 300 3001101.
3010101. 3001101101.

30111101, 30110101, 310001, 131, 143.
301110111101. 30110110111101, 30110. 30110
(010), 1901000101, 392, 323. 331

301300011. 300 3001300011

30111110, 3010111010, 101000101, 131.

30110101. 300 3011111101.

30111100. 300 30111110.

30111101. 300 3111111101.

301111111101. 300301110111101.
3031111051ο [in 3101111011, 30110101, 310001,

30110, de. 300 301110.

30101003, 3010103. (11001, 313011, 37.
.................... 10101 01, 99.

.......... Liuio, 3111011, 24, 37, 43.
301101,101000101.132.

.......... 3111011, 38.

3011111. 3003001110 (11001003 311110.
30110110219 311414101101 ,31101101191110232

30101300. 300 30011011.
3010010, 31111011, 49, 39.
,301301101 300 3113011111.

’ 3010111101. 3010111101. 3003031111.

3010101011. 3003011101.
3011000111 [31. 901011 9101000101, 01110101,

19011103 300 3111

¹ 10111110011001111, 4100, 00.
.......... 11010101, 93

3011101Ιο. 300 31011011
11010000001100

3011010111, 31111011, 23,

[119011011011101130110101. 3101-
1([1111311101010]1901111011179.
......... [1113011111] 30101010 1, 31101011,
¹ 30110101, worm-ter, ,324, 339.
300101, 3001011, ,3110111 ,3101011110 31011οἰ11,
1901000101. 39 3, 323.
¹ .......... 001101 01.

 

