INDEX OF TENANTS.

85115, Goon. 29.

.......... 855551, 258.

.......... Thomu, 258.

8555555, 8558555555.

85555155, Dm, 96.

8555555115, 8555515511, 11555] 55, 72.
155551 55, 72,

.......... John 55. 30, 72.

.......... 85555155, 72,

.......... ’8555555 55, 72.

8555511, 8555511, 551551, 173.
...,..., Hugh, maes, 110, 124, 145.
.......... 155551, 110136.
...,......1555 63, 73,161,162,185, 100.
.......... 1555 51, 125.

.......... 855551. 151351, 18.

...,...., 5155155, 5115 51, 18.
.......... Thomu, 135. 138, 145.
.................... 151551, 146.
.......... william, 180.
855511555, 232.

8551515. See Borkeloy.

855155, 1111555115. 93.

85515.. 8558155155.

Hammon, Thomas, 262, 263.
85555, 855555, 851155, 25, 50.
.......... william, 50.

Bm, 85555, 8511515, 155551, 6.
.......... John 55, 14.

.......... 8151155555, 9.
8555555515). See 85155555.
85555515. 15155517.

.......... 85555155, 40, 65.

.......... nogarae, 57.

85515151, John, 153.

85555111. See 85555111.

855551, 8555555, 21.

.......... John, 123185.

115155. 8, 9, 14, 16, 181, 182, 184.
.................... 5111151155, 8.
.......... 51 1115151155, 9, 184.
.................... 518555551513.
.......... 8151151013.

.......... Simon, 265.

Butyngboum warin, 241.

8551, william, 91.

851, Walter, 148.

.......... 9111115515, 181, 145.
85151115, 7515115 1 515), John, 85.
8515, 8155555, 329.

8515515555. 851151555, 855551 55, 53.
.......... ’8551555 55, 151551, 64.
8515. 515555 51. 108.

85155, 8155555, 237.

851151555. 8558515515555.

Baudryngg, william 55, might, 71.

85555155. See Boeushyno.

851551, Roget 55, 27, 68. 127, 134,141, 142,
159, 160, 201, 212, 256, 274.

.......... Thomas 55, 89, 60.

.......... 17111155, 60.

851511711Ιί515, 184.

85555, william, 20.

Bm, John 55, 154. 162.

8551555, Simon, 150.

855151, 8511511, (1115551. 78.

.......... william 55, 10.

8555555, 8555555, 1155551, 252. 277.

.......... william, 64.

8555555515, 85555155. 85115 Campo. 851·

55555] , 8555115155, 05511] de. 121.

124, 125, 208, 219.

........,(11155,191.276.

.......... (15] 55. 555151 17555151, 213, 301,

805, 806.

.......... 155555, 309.

.......... 1555. 244.

.......... 7555 55, lady 51 8515555555. See
Abergavonny.

John 55, 55, 56, 72. 109. 154, 219,
241, 304. 305, 348, 319, 321.

1151555155, 276.

.................... 5185755115, 551555, 327, 328.

.......... 155551, 251.

.......... 8155555 55, 555151 77555151. 228,
3233, 318, 819, 321, 322, 326, 327. 329,

.......... 85555155, 808.

.......... Thomu 55, 5551 51 17555151, 228.
805, 306. 308, 318, 319, 822.

.......... walter, 178, 235.

.................... Elisabeth. 5115 51, 238.

265‚knight. 238, 241, 244, 247.

.......... Wfflwffiffiffiwfflffl
233, 307, 308.

.................... knight. 55.

855515, 1151515555. 34.

85551555, Thomas, 239.

85555551. 85551555585115155515. 85155555,
Hem-yde, 182, 183.

.......... John, 40.

Thomu, knight. 243, 247, 265.

’ 8555511555, 85555155, 8551155555, Thomu,

223, 246.
8555155 8558511155.

Boe 85115515 1855555155555. 55 Becco, 55
855555515ιοὶ115, 55 8515155 1155155551)
[Eure] 1155515185. 107, 115, 116,
202, 206, 211.

85555155, 855 8555555515.
85555, 85555515 55 la. 71.

851115 (de Bello), 55. 855555, 5555151106 ........... 5155351551 5115, 172.

107, 182, 183, 210.

, .......... 555515155 51, 284.

85555555. see Baldowyno.

.......... 8155555150.
8555555, John. 150.
1 855555155555. 855855 85115515.

 

