444

660660601660606001016,66060001016,6111·
olk, 40. 65, 66.

66006. 6006600.
66016οῧ,11006660160600100 111110, 266,

.......... 06000601, 267.

66011006, 6601601006, (1601601006, 6110000, 121.

.......... 060006 006 01000000 01, 116.
66100600, 6600006001, 1101000600165.
66000010. 60066000010.

6600001600. 600 6600010000.

6600006101, 6000100611, 66000006011, 66011006. 1,

6110001006, 6600001006, [01000600. 164.
6600000100. 600660001006011.
6606600006. 6006600011.

6600 [in 0000000001, 111160, 206, 269.
......... [0000 1601106000, 111160. 265.
6600011, 6606600011, 1101000100. 164.
66000060, 66001060,1101000600, 164.

66000, 660110. 11006, 600000. 110.
6600001600, 6600000000 [norm. 199.
6600006006, 6600660006, 1010010600, 182.
66601071Ξο011, 66011016, 66011016, 600000, 146,

6601600100 1100060000. 600 66010100 Bonu-
00010.

660160010οο (6601100100)Ψάοο0. 6006606100

66016011, ψ11000101, 160. 190.

........ [11000 0610 116001], 601600, 66116000,
111110, 2,1.196ε

66011006, 660110060, 61111016, 35.

660110οἑ066011000, 6601100060, 6011011, 25, 66,

......... [with Oruwley], 6601100, 600000,
00010601, 165.

6601101160. 600 66011006.

66016006οο60. 600660001060060.

66010100 6000060010, 6601600100 6011060100,
1100000600, 929.

.................... 06000601, 919.

......... 110106, 6601600100011010 ,6601100100
1101000, 1100000600, 6114621626.

6601600. 6006611600, Εο01.

660100 [60100], 604.

.......... 060006 01, 616.

660110. 600 660001.

660060106600000, 150.

660006011402160210000600 6601106011, 66011006,

66011600 [111 6100106 Βο00001661, 6110006011,
1001οο0600, 166.

6600660006. See 6600006006.

660010. 6006610100.

6600060600. 600 6161006006.

660060000,6061006000110,11000106, 179.

66000, 66100, 600000, 109, 121.

.......... 06000601,116.

6600000600. 60066000600.

66001060. 600 66000060.

111001 00· 061000.

6600100060ιο, 66006006000, euax, 160.
.......... 000106 01, 165.

6600000060. 600 6600110060.

00100000

..1660000660 66000116οο, 6060011600,
....wssu, 202, 215, 242.
.......... 6060006011, chambot, 267
66000600 1110000, 111160, 207, m
.................... 0611οο6 01, 200.
..... Pam, 111110, 216, 256.
6600000100. 60066000100600.
660010. 6006001.

66000601. 600 66001600.
66116000. 6006601600.

66116011. 600 66116011.

⁸⁸⁸⁸⁸⁸⁸⁸⁸ mfflmffisfivmm}

...,,661116001 11000106, 176.

.......... 11001, 6601600. 1101000600, 169.
66101011006061000010000606000011000,
60601001ου0, 606016, 27, 46, 67.

.......... 01000001, 104.

6610100, 6110010. 600000, 159.
66100100600,66101006000, 6011016, 40.

66100. 600 66000.

66101006 [in 1100600 flantium, 11000101, 196.
6610066011. 6000610600.
Shimmmton. 600 1100016011, 66001110.
6610006011. 600660006011.

6610011600. 600 6600010000.

66000060 [in 00100166000060600000, 157.
6600060111, 66006001, 6000010601, 600000, 140.
.......... 6006, 66006000 Versu, 600000, 165,

omia-don,

Shomogsstaeisflhormoou, 0000000060, wilt.. 216,

.......... 0611006 01, Μ.

66006010160, 600000, 194.

6600600, 600000, 142.

6600000110. 600 6600000011.

6606106001. 60066066660101.

66066000700,168006000011,66066000011,11000106,

6606610006ό26606106001, chau-ham, 61111016,

00000000000100 0001100, raia-ur,

01001001. [in 000 ema-affl 000100-
060060, ennox, 169.

66000010010[1οΕ60611106061], 6110000110, ennox,

660001οἒ6600001006, 1100000600, 605, 922,

.......... 6060000100, 0601011 01, 916.
66000Ιῖ0706 Ηο6600], 606100010οο, 11000106,

0100000000ωο 0100000000000,
,2660006 01, 295.

 

