418

8101010000. 800 811001000011010.
8101001000 80001000100. 800 8010001000.
810ηοῖ491010 1110010001 1100001100, 800000,

81100100οη0 110110, 8110010000. 80081100·
10000 11010.

8001110100, 800 8011111100.
80010001οὲ2 [10 110010001ος1. 8001010011, 800000,

800100110311, 8010011011,80010011010,8108000, ὅ,

8010100100. 800 8110010οο.
801011000100. 8008101010100100.
8011000100, 800 81011ος1100.
8011110100, 81000100, 1100000100, 827.
.......... 0111100101, 810.

1101001010. 800 8011011.

8010111011. 800 8001001011.
80100100, 800000, 181, 100.
8007100. 800 80010 1100011.
Edgbuton, 80100100,Ψο010101, 181.
801ος100. 8000030000 (010), 111110, 210.
.......... 80003000, 0100011 01, 291.

80100100. 800 8001000.
8101000111οῳ0, 11000, 1101000100, 180.
Edmunmtfofigffrl'n Groome]‚ worcester,

8001000 [10 11001100 1100001 8000100,
udin-aton, 11000101, 178, 102.

80010 1100011, 80000100, 80000100, 8000100.
&ffb worcester, 304, 821, 828,

.......... 8000010100, 01100011 ot. 817.

800000010οο, &mardi-tone, 8000001010υο,
808011, 27, 07.

8000010000. 800 80010 100011.

80100000. 8001101ομ00.

80003100. 800 80010 100011.

80700100. 800 8000100100.

8101100110. 800 08010001.

88100110108810011001, 8000ογ, 125.

.......... 0110001101, 117, 118.

80100100. 800 8001001011.

840000, 800000, 188.

8011001, 80011001, surrey, 108, 120,

.......... 01101011 01, 117.

80110100, 8001110100, 800000, 181, 144, 172.

Egla, 8110000, 181.

81000, Em, 111110, 0110001101, 280.

8100100. 800 8011110100.

1111000100. 800 41100100.

81ωο1ἕσὲ10271ἕ10001100], 81000010, 111110,

8100008010, 8101001010, 811001010, 001100 110
Marah, worcester, 808, 828, 820.

.......... 0110001101, 814.

maudo. 800 810100.

8100001010. 800 8100108010.

1110000110. 800 81001010.

81100οΞξ1101000, 81101000, 81011000, 7,14, 21,

INDEX 01⁴³ PLAOES.

1 811ος000 [10 1100001100]Ι 8100100, wiltu,

.......... 8110000, 01100011 01, 288.

81100011. 800 8110011011.

8110100. 800 810100.
8110010ξο,1ξο110100100, 0110100100, 8108000,

81101000. 800 811000.

8110011011, 81101011, 8108000, 5.

Ellesfold. 800 8100108010.

8110010010. 800 8101000.

8110ος1, 8100011, 808011 40, 01,

81101010ςο, 8101000 0, 8100100000, 1100
000100,802,8·8,881.

8110000, 81100000, 1100001010, 180.

8100100000. 800 810101ομ.

8111101000 8000010010, 800 81011ογ, 000110.

8110000030. 800 8110101080,

810100010. 800 81010011.

8101000011. 800 8110000011.

8101111101, 800111, 808011, 40, 00.

.................... 01000001, 108.

8110110001 [1081. 0110001, stafford, 8.

81101ογ. 000110, 81001000 8000000000,
1100000100, 808, 819.

.................... 01100011 01, 817.

......... 1100011, 01000100 110001, 1100000100,
01100011 01, 814.

811000118010100010811000010, 808011, 14, 70.

8100100000, Ailmenthorp. 1101000101, 184

8110000011, 8110000011, 808011, 47.

.......... 100000 01, 71, 102.

81000100. 800 810100.

8100011. 800 81101101.

810100, 81000100, 8100010110, 8100010010.
8110000141. 180.

.......... 8110010110. 0110001101, 109.

8101001111 0001100100 81. (1000001, 8110100
8100100, 111110, 208, 241.

8100000, 8080110, 82, 0110, 80.

.......... 1000000107.

810001000. 800 810100.

8100100. 800 81100000.

8100100. 800 810100.

10011101 0101... mama, mmm,

flumy, 111.

magau. Seelngoto.

hdorby, 1101000100, 188

80000 [10 hook} 800000, 8108000, 18.

801000, 80010000, wiltu, 202.

.........,010001101. 290

80010100 [10 80000001 8108000, 2, 21, 28.

8001110, 800001010, 80101000. (10001010 (010),
8108000, 10, 15, 21, 22

lap-0105. 8001400100.

800000, 8111011001, 800000. 0110101101, 118, 118.

.......... 0100000001, 118.

80000010010. See 1100111001.

8001000001. 800800000001110 11111.

8001οψ0, 80010100, warvria, 180101.

80000011. 800 80100011.

 

