426

INDEX OF PLAOES.

306010001οἅ401001410100)9030100000000 0 300100, 30010, 3000010 ,,900000 1119.

3060000011, 306100011. See 3060011
30610130. 900 30010100.

306001, 306100011, 11000101, 177.
.......... 306000011, Old, Wmiok. 194.
.................... 000100 01, 167.
306003100. 900 3066103100.
3030100. 900 30030100.

30100011. 9000010111.

30100ἓέ, 430100001, 3010100010, 903011, 24.

3031οΞ01310 310010], 30101001, 1100000100,

30100001. 900 30110001.

30101001. 900 30161001.

301006010. 900 301006010.

3010010. 900 301100100.

3010100. See Holton‚ 91. um.
30100001190030100011

301100100, 3010010, 903011, 42Ι .
3011[101081ξοά1000000], 3011 4000100 1001000100,

....[10 Βο061006], 111110, 210.
.......... 30110, 1100000100, 366, 319, 329, 391.
.................... 000000 01, 313.
301100, 903011, 39, 67.

.....-...,491. 11000, 3010100, 603011, 25, 37,

30100011, 30100011, 1001000100, 166.

3010060813, 1141ἑο100600, 301006010, 600000,

3000100100. 900 3000000010οο.
3000900103. 900 Ham 000110.

3000103100, 3000000100, wiltu, 201, 244, 246. .

.......... 00000001, 294.

3006000100, 3006000000. 900 3006000οε.

30060000010. 900 3006000010.

30000010. 900 30000010.

3000600. 9001100600.

3000000010. 900 3006000010.

30000000000, 300003100οι0, 1100000100,
00000101, 317.

3001100,3000110,11’0000101,179

1100103100, 3000100, 9110000101, 175.

11000110. 900 3001100.

300000300οη0. 900 30000000000.

3000030000. 9003000103οα00.

30001000. 900 300103100.

300, 9011011, 99.

3000, 300, 900000, 132.

3000000011, 9103006. 7.

30060060013181100000010 3000001006, 11100-
000ξῖ10οω hundam, saffolk, 00,

......... [1010103006 0006006], 903011, 36.
......... [00 6103006], 6103006, 3, 12, 21.
3000000, 30000000. 900 30000000.
3000000, 903011, 36, 61, 62, 63.
300100100. suliulam.

³ .......... 000000 01, 114.

30,0100 1110000101. 900 300 00

300000080οι0 4¹¹ 901010. 900 30000000 All
m .

30001030016, 3000100016, 1001000100, 165.
300010300000, wilto, 211, 256.
.......... 3000003000000, 000000601. 299.

3000103000010, 300000300000100. 3000103·
000100, oront, 9011011, 44.

.......... 1011110, 44, 91.

“ 3000100016. 900 30001030016.

30000 11100 [10 3011000001, 300000, 600000,

1 .......... 00000101, 163.
0300000100, 3000001030, 3000010030. See

3000161011613100100001103000100091030063.

1 3000011, 00000011, 3000111, 900000,109.
1 .......... 000001 01, 117

30000000, 900000 1000003001, 140.
3000100, 3000010030, 3001, 900000, 196
‚l ί38οο0120430 ,30),00010310 111001, 900000,

mgiolrfflefm ,,30001030 600000, 00000000
0, , 9.

3000106, 30001060, 30001060, 600000, 131.
192140, 172, 179.

.......... 1100000, 3000106 1100000, sam, 146

.......... 1011110, 3000106 Pam, 900000, 146.

. ................... 000100 01, 165.

300000. 90030000 300.

300100 [10 110000 3006103],900000,135, 160.
......... 2[81010 3100000 Cannium. 1111110, 239,

3000, 3000000101000100, 167.
30001000. 900 30000100.
301001[810101>000100016], 300100. Loium,

30000. 900 3000.

3000000100. 900 3011001031οο.
30030100, 3030100, 900000, 153.
3003011080500100 3111, 300100, 1001000100,

30000000010. 900 3006000010.

3000111. 900 3000011.

300100. 900 3010000001 300301000οι 100 3111.

30000000. 900 3000.

3000, Have, 900000, 0000006 01, 163.

30000, 603011, 37.

3001000010. 900300331000010.

3066103100, 3060003100, 1100000100,332

.......... 00000001, 316.

3033160010Ιὲ1θο 11001001], 3001000010, 1001000·
100, .

30100, 30000000, wilte, 271.
.................... 000000 01, 293.

3011 [10 11001 9011100], 30010,1001000100,169.
3010010. 900 3110011.

3011. {effi 3111, 3111 19001100, and 30000111.

 

