350

00010, 31101001 110, 197.

.......... william 1010 01, 197.

0031101111, 0010101100, John 00, 34.

.......... Thomu, 121.

.................... 11100001 11110 01, 131.

................... 101ςο1. 04.

00101, 00110101. 180, 187.

0010, 00101110 011, 00.

.......... 0000011111, 01.

00111011, 0011100011111101041, 00, 87.

00111ομ10110, 0011111 regg, nulfum&
05011)ηῇᾚὲ 00 yngruggo, 1100, 140,

. , 1.

.......... John 00, 140, 140, 148.

.......... Rogat, 161.

.......... 1111111001, 139. 140.

00010030, 1111110010, 90

0010110010110, 189.

0000110101, 000011, 137.

00000, simon, 104.

Danum} 00111101, 0001101 0100010,

.......... 1111110133οΜ

0001111, 00001010, 111100, 184.

John. 01 00. 011010, 333.

000101, ’10010οι, 93.

00101, 001111, 110011, 100.

........,, John, 3οθ

00100 00. See 1111101110.

001011, william, 333, 304. 240, 300, 308.

0011001010. 0000000010.

Dmy. 800 00101.

00111010, 0011010111 [00. 110011 priorem 01,
137, 301, 301, 374.

00101111, Thomu, 190.

0000010000. See 00001000.

00011010, See 11000101.

0000001100, 1000, 80.
,........, 000011, 80.

3131131131303» 331

101000, 300, 339.

.................... 111100 11110 01, 399.
1111110111339, 349.

0000101110, 00 1401011111, John. 30, 49,
001101102ξὸ 0000101010, oo. wilt», 100101 01,

00001101, 0000101010. 0000011, 339, 300.
John, knight, 333.

.......... 1101001100, 339.

,........, 0100010 00. 300, 330, 311.

.......... liegarde. 337.

.......... 00000110, 339.

00001011. See 0001011.

0011001, 0011001, John. 70, 89.

001111οἑιό 3Igtsvillyre, 0000010001, 34, 35,

0011, 141100 11110 01 0011010, 339.
......, 000011, 131, 139, 140, 173.
.......... william, 140.

INDEX OF TENANTS.

0011110, 10110, 173.

100111, 80000111.

10000,ὼο,1100180110010010101100

00003001. 8000000301.

100011. 8000000.

001001, 0010010, 000111, 149.

.......... 11111100,149.

00100010, 1110001111. 374.

......... 8110111010.

00110, 01000111 10, 130.

00110, 101111, 100.

001101, 1001118, 31.

0011. See 0000 0110 0000.

0001001100. 800 0000011100.

Ι 0000011011, 11011100 110, 134.

0000, 000, 0000, 11000100, 77, 78.

.......... 1110οο10000, 84.

.......... 10110011110004.

01000111, 143173.

.......... 77111100 00, 34, 48.

......... See 0110000.

00011010, 10111100, 01, m.

.......... 00001100, 01.

0000011100, 0000100000,
0110100101 110, 30.

.......... margaretae, 08.

.......... 0010100, 33, 83.

000100, 110100 00, 89.

.......... 1110001111 110, 89.

000100, 801101, 10010101, 100.

00110000, 1110001110 00, 09.

.................... 110001 1111001, 03-

.......... 0001001333.

00001010, 0011111110, 307. .

00101, 001101, 18.

00101, 1000, 101.

0010011000193.

001101100, 0001011100, 14.

00110001, wimundo, 03.

0011010111. See 00111010.

0000011100,

00110, 000011, 137.

0011100101, spem, 0111100001, 00 3000101,
011 010101, 8 0001, 001 Spanum,
Hugh 10, 14, 33, 43, 44, 70, 73. 73, 79,
81. 100, 103, 133,130,107,173, 181,
183, 181, 180, 301, 304, 300, 307, 309,
313, 318. 303, 370, 317, 304, 300, 331,

.................... 001101 1710000101, 313, 314,
318, 319.
william 10, night, 310, 330.
¹ 0000100101 See 0100100101.
0010101, 0010101[0010101], 01000, 3.
. 00110. 80000111.
Deymom, John 00, 13.
0011111, 000011, 189.
1 0101101010, 0100010111, 01001010, John, 189.
.......... 0001110101309.
Ι .......... 01111110 00, 309, 330.

 

