454

111118711111, 1111111111, 1111111118, sanem,

.......... mmor 11, 70, 71.

11111111. 811 1111111111.

11111Ιί11111, 11111111111, sussex, 150.
11111111, [111111. 1111111111, 182.

111111111ιᾷ 111111 [11 1111111 111111, 81111111,

111111111111 (1111111111), 61111, 111111·
1111111, 8111111, 80, 46, ⁷4.

......... ὲᾶι1141ὲ1, 1111111111111Ρ1111,818111,

1111111111111111111111 1111111111, 1111111111,
1111, 200, 256.

111111111111111. 8111111111111111.
1111111111, 1111111111, 8111111, 44.
111111131ἷάἃθ111111111,11111111111,8111111, 24,

1111111111. 811 11111111.

1111111111, 1111111,1111111111, 184.
1111111111ιά. 8111111111111.

11111111111, 81111111111.

1111111118, 1111111111, 1111111111, 174.
1111111111, 1111111111, 111111, 280, 261.
.......... 11111, 261.

11111111ιέ[11 1111111111, 11111111, 81111111,

1111111191ἱ 0111 and 1111111, 11111111, 179,

1111111111, 111111111111, 1111111111,
1111111111, 175, 189.

1111111111 [11 111111111111], 1118111111,
wiltu, 207, 278.

111111111111 [11 8111111 neverim, 111111·
11111, 111111, 259.

1111111111. 811111111111.

1111111111 (de Albo Monmren'o), 111111,
111111 11, 288.

1111111111. 811 1111111111.

11111111111111111111, Whytegreve‚ 11111-
11111, 81111118. 12.

.......... 1111111119.

.......... 11111111, 20.

1111111111. 811111111111111.

1,]

01 1 ι
......... 2[111 Qud, 11111111, 1111111, 111111,

1111111111ᾇ11191411111111, 1111111111, 11111111,

1111111111, 1111111111, wiltu, 201.
111111111111, 1111111111, 81111111, 8.
......... lan (11116111, 1111111111, 11111111,

.......... Whytendon‚ Wnrviok‚ 190.

....., 1111111111, 1111111111, 808, 819.

......... [811111 11 natm Wytinghom
1111111111, 188.

1111111111. 81111111111.

11111111, 11111111, 1111111111, 11111111111,
811111, 26, 86, 61.

1111111111, 1111111111,1111111111, 182.

INDEX OF PLAcEss.

whydokinhoo. 1811111111,

11111111. 8111111111.

1111111111. 81111111111111.

11111111. 811 11111111.

1111111111. 811111111111111.

1111111111. 81111111111111.

1111111111. 81111111111.

11111111. 81111111111.

11111111 ‘aa 1ίίὶ1411111111111. Wybotoft, 1111·
111 , .

11111111. 811 1111111111.
1111111111, 1111111111, 1111111111111, 1111-
111111, 802, 828, 880.

1111111111. 811 1111111111.
1111111111. 8111111111111.

1111111111, wahenrod, Wiohynrord.

111111, 1111111111, 818, 8111829.
.......... 11111, 111111 1111111111 11, 818.
11111101. 1111111111, 11111111111,11111111,

111111111111,8111111, 7, 15. 21, 28.
1111111111. 811 11ίώ1111111.
11111[11Β11111111], 11111, wilte, 282.

......... 11111111 [11 1111111111 01111111 1111- .

(1111111111, 111111, 260.
11111111Β affl [ᾗ. 1111111111 111111, 111111,
111111 11111, wissam, 11111. 11, 11.
811111, 11111111, 811111, 81.

1111111111111, 1111111111111, 11111111·
1111, 8111111, 48, 77 , 78

.......... 111111117199.

1111111111111, 1111111111, 1111111111,
11111111, 817.

1111111111 [1111 1111111711 11111 itata
1111111111,111111,215.

wigman. 811 11111111.

1111111111, 1111111111, 1111111111, stafford, 8.

111311111111111111111, 811111, 142. ’

111111111811111, 181.

11ίεί1111. 8111111111111.

Wignolffiin 811111111]Ι 11111111111, Sum,

11111111111111111111111, 1111111111, 184.

......... 11111111111111111, 1111111111, 184.

111111. 811111111111111.

11111111. 8111111111111111111.

111111111111 [11 (11111111 11111111111
[111111111111 stafford, 2.

wnby'sfflhsysw& Wilobogh‚ wilkhegh,

o , , .

1111111, 11111111, 111111,Ι 271.

.......... 11111111, 288.

1111111111. 8111111111.

1111111. 8111181111111.

wilsoni. 811 11111111.

1111111111. 811111111.

111111111111. 8111111111111.

111111111111111111111, 1111111111, 11111 .
don. 811111, 180, 182, 188, 147, ffi,
171,172,178.

wiumfflm' 11111ῃ1111, 8111111, 40, 65,

 

