INDEX OF PLACES.

81111111 All 811111, 1111111111 Au 811111, 8131111. 8118111111.

818111, 44.

8131111. 8118111111.

ῙΝΒἬῨ (1181 30881111· 11011θῦ9ῐῖ1 11181. 813311214131181. Peter, 8131111111. wiltu,

811111, 1111111111, 181.

81111111 (118118. 811 81111111 (1111118.
811111, 8111111, wiltu. 201.

.......... 1111111111, 298.

8111111 [1111111131111 81111111, 175, 180.
811111. 8111111113.

81111111, 11111111, 818111, 41.

811113, 811111, Wilts, 281.

.......... 1111111 11, 281.

811111, 8111111, 1111111111, 185.
8118111111, 8118111111, 8118118, 7.
8111111811. ’ 811811111811.
8111111131111, 818111, 89, 90.

.......... 11111111, 89, 94. ’

8111118Ῑέ,9821111118118111111811, 818111,

811113330811111111311, 1811111111, 802, 828,

8111111133)Ξι ' 81111111 (sic), 18111111, 177,

81111, 811111111811111, 182, 137. 172.

81111113 [11811111111111 8111111, 8111113,
18111111, 180, 190.

8111111111, 8111111111, 818111, 81, 17. 79.
.......... monor 11, 97

.......... 8ο31111111111, 1111111111, 282.
1111111131),1 Ι81111111, 8111111111, 1111111111, 178. “

,,,,,,,,,, 3111111111, 187.

81111118 [11 811111, 11111181, 12.

8111113 [11 88111111],811111, 162.

1111111183 [11 Ε11111131οῃ], 81111118, 81111111,

ι 1111111111, 175, 190.

8111111 Episcopi. 81181111818111113.

8111111 818118. 811 81111111 (1111118.

8111111331, 811111. 188.

1111113111, 81111111, 81113111, 811111,
3111111118 11, 167, 171

83811111. 811811111111.

838118 [131111111111311], 831381, 81111181,
0111111 81111181, wiltu, 206, 288.

....,...., .......,111111111,284.

8331111811. 8118131118111.

831111131181111118181111. 8118111111111311.

8311811. 8118111111

8311111311. 81181111111311.

8313131111. 811811111311111.

8311111111 8311111111. 8118111111111.

8311111111. 81181111111181311.

Fytolworth. 811811111111111.

81111118 [in 81. 1111111111, Isiohfleld]y 811· waldffl· SssflFissheldffl·

1118, 8118118, 21, 28.

8111111 [in 8111118111 8131111, wilm 267.
8111118. 81181111118.

8113311181. See 8113 81111.
8111111111. 811811111111111.

81111113. 8118111113.

8111111. 8118111813.

8118131881. 81181111131118.

8111113, 8118111813.

G

(11881113, 1111111111, 180,
Gaia 181311 [in 81. (111181, 1111118118] , 8118118,
probandos, 21.

mmsgfflglk, ιο,ξίίιὲἰι11311181 8113131118, (hiala. Sa (Mle,-

81111, 8118118, 7.
8111111, 818111, 24, 87, 18118111811111,
[81111311 11118118], 818111, 104.
mengfeld. 811811111311118,
811111. 8118111111.
8111113 [1118111131 1111111111, 181.
......... gf 1111 811111, 81111113, 1111111111,
1 .
8111111, 8111111, 8181111, 40, 88.
.......... 8131111, 811111, 181, 147 , 172.
., 3111111111, 188.
8111111, 811111, 818111, 38.
8118111111. 811811811111.
8113 81111 [in 8111111111 811331111111,
811331113111, sussex, 181, 118
8111111111111. 81181111111111111.
8111111811, 818111, 89, 00.
8111111111111, 8111111111111,1111111111·, 181.
81118118, 81111118, wiltu. 262.
.......... 1111111111, 188.

1

(111113, 1111111111, 185.

(1111111111, 8118118, 8.

(113111 11 1111811111, 818111, 54.
.......... 11111111, 105.

(1111811, (11111811, wiltu, 286,
(1111111111. 1111111111, 188.

611313. 811 (111113.

(into. 8118111113111.

(111111. (111111, 811113, 11111111, 121.
.......... 1111111111, 115.

(113811, (113811, 17111111, 171.
(1131111111, 8111111, monor 11, 71.
(1131111. 8118111113.

(1113111, 8118118, 4. 12.

.......... 818111,42. ’

(1111113, (1111111, (1131111, 8111111, 11111. 78.
.........,11111111,71.
1111131111, 46. ,
(1111313, (1111131311. 811 (1111113.
(1111111131. See (1111111113.

 

