INDEX 010² 1111111116.

01011, 81100 60, 87.
.......... 100600 60, 88.
010100, Hugh 60, 12.
,,,,,,,,,, 11000160 13. ’
0100600, 1600101, 164.
016100, 11016010οι011, 59.

00106100, 1106001, 244.

0061, 000061, 1001010100, 50,
.......... 66111060, 30, 166.

.. ........ 1601000 60, 186.
00600001. 600Εο600010.

oro, 1010000, 151.

00100160, 1111110060, 37 .

0010006, 0001 01, 98, 326, 327. ,4116100 Βο1100,

100100.
000060. 600 0060.
016000, 0006000, 01100, 274.
1060, 274.
.....,..., 1106001, 62.
.......... 10006016, 94.

006001, 006000 (11110 006001), 11006001,

1101601100 60006100 01, 38, 39, 40.

,,,.,,., 110000 100 01, 26, 61, 62, 53. 54, 55,
57, 58, 59. 66, , .

010100100. 600 001100.
0100016001οο. 600 000100,
0000006, william, 161.

01000, william, 01 1100000100. 328.
01011, 1101100190.

01600100, Adam 60, l.

006000. 600016001.

00600, 0016101, 1060, 62.

.......... william, 66, 84.

000100, 0001001110, 010001600100, 00. 1101000100,

0660101, 165.
0016101. 600 00600.
0106010. 600 0106010.
0100100, 106060, 20.
.......... 11100101 60, 16.
.......... william 60, 10.
onya, 1110116011, 211.
01006000001060, 150.
1106001, 160.
.......... william, 151.
01001016, 11006 60, 121.

011006, 11000010, 00001000 01, 70, 106196,

198. 600 also 1000.

...,,.,,., 0001 01, 25. 28, 29, 32, 37. 49, 44, 63,
69, 711, 76, 80, 92, 181. 600 01001000.

001006, 1100100 0011000, 1001101 01, 107, 185.
.................... 0060100001, 120, 122125.

.......... 0111101· 01 160 60001101 01 St. 10600,

172 192.

Ρ

6116006001, [edmund 60, 102.
600101, 601010, 106010, 144, 148.

00000101, 100.
nge, 0001, 00.

, .......... 1101101· 77.

60011101, 1060 60, 199.
6010011010, 6601110660, 46, 47, 71, 72.
.......... 1060 60, 46, 47, 184.

< .......... 16006016 60, 72.
ι .......... 1601011060, 46.

.......... william 60, 30, 46, 71, 72, 75. ¹
Pakere. Soermker.

61110100, 11111660, 8.

60110000, 1101160010, 86

.......... 6106016164.

,,,,,, ’..., 1106001, 164.

...,...,, william 10, 194.

6111001060 60, 255, 271, 273.

,,,,,,,,, ,271ἕίΗίιο1 6011110111, 256, 269, 271. ,

6000010006, 11101000 60, 73.
6100. 600 6000.

5 6000, 110106, 8.
¹ 600. 600 6000.

6000, 60000, 60101· 60, 144.

.......... 610100 60, 274.

.......... 11100100, 20.

6106010, 6006001, 1060, 154, 201.

. ,,,,,,,,, 110106 60, 180.

.........,160011060,231.

6001060001, John. 164.

.......... 11101000, 277.

.......... 111111000277.

.................... 01 (1001600100, aquiro, 927 .

Purher, Hugh, 321.

.......... william 10, 94.

6100, 600, 1060, 198.

.......... 1601010,198.

...,...,, william 60, night, 196. Ι

60000. 60060010. ’

6001010011, 6010010, 6100010γο, 61116010,
11610006 60, 198, 144145.

......... ἰ71ἒο6001 60181, 144, 1461411150,

...,...,1601000,161.

6011010110, 1601001, 78.

600001000. 600 60101006.

6110010100111060101, 189.

.......... Now ⁰01¹* (St. 11111 10111101 100001110110011104. ··

1710060001) 10, 1101600 006 00601001

01, 220, 221. 252, 270, 272.

6981

60106010. 600 6110111006.
601116011110110160, 46.
601011, 7111110011.

 

