374

Roudon, 11151111111111111, 251.

Boreo. 31111111.

11111111 (de 011111 Rome), [11011111111111
prior 11, 35, 53.

.......... 11111111, prior 11, 53.

Russus, william. 8.

11111111111111, 120.

3111311111 Wyko, 111111111111111, 3111111,
1111111, 164.

1111111111. 1161111161, 37.

Bm 311 Bous.

3111111111, william 111, knight, 64.
11111111, 31111111, Agnes, 305, 322

lamec, 305.

1111111111, 22

.,.,...,, 11111111, 235, 252, 253, 269, 279, 322.
. .................... 113111111111, coquite, 326.
.................... 11 1116111111, 332
.................... 11 21111111, aquiro, 327.
.......... 1111111111, 203, 217.
...,171111111,84, 149, 203, 217,322.
1111111111, william, D.
3111111121111111, 120.

11111111, 111111. 3111111.

numne, 111111, 111111 11, 111, 111.
3111111116. See 2111111111.

3111111. See 1111111111.

3111111111, John, 120.

Eme, Thomas, 255.

1111111111, 311111, 150.

31111111, 1111111111, 12.

1111111, william, 154.

1111111111, 1111111111 111, 231.
3111111121111111, 256.

111111. 311 1111111.

3111111. See 11111111.

3111111111, 194, 105

1111111, 1111111111 11, 255.

.......... John 111 11, 218, 234, 260.
.......... 1111111111 do 11, 214.

.......... Roget 11111, 263.

1111111. Sec 1111111.

3111111111, John (11, 35.

3

31111111, 3111111111, 31111111, 3111111111, 311111·
1111, 3111111111, 3111111111, 3111111111,
11111111, 52, 87, 92, 33, 130, 131, 137,
139,144,145, 148, 172.

......... Butholnmev 111, 89, 90.

.......... &mtto 111, 52.

(3111 (11, 144.

.......... 1111111, 33.

..........111,1,11

INDEX OF TENANTS.

31111111-1111.
....,.,.., John, 164.
.........,11111111,89.
.......... 21111111143, 143, 172.
.................... 11111111, 150.

1 3111, 1111111111, 30.

1 31111, de. 3113111. f ·

3111111, 31111111(111),“1111111·1111, 64. 1,, Ι

.......... 1111111113. ·

st„ Andrew’s. prior 11, 186. ,·

st. Edmund’s. 311 1111131. 3111111111. ,

31. 3111111111, 3111111111. 311 3111161111.

St„ θω318111111ωο1181111111ῳ111ὴηϋ1 311

. 1 1 .

st. 111111, prior 11, 60.

311111. 3111131111111111111

111111 11 σοι-1111111111· 11 11111111ρί111
11, 43, 52, 124, 158, 159, 162, 177.
ἐξ. 180181, 182186, 212, 238, 254.

......... ,521111ἐ1711111 2111111, prior or 1111111 11,

11111111, 3111111. 3113111111.

31. 1111111613111111111111 [31111 medeare}
st. 611111 11 311111111111(31111111111)
111, 11161111, 205.

3111111111, 3111111. 3113111111.

31111111. 771111111ιῦ11. 31117111611111.

31111111 (111 Sancto Neoto), [1111111ιί11111
prior 11, 94.

1101111111 0111111 [oo. 311111, abbat
&Qffiffi

St. 31111111 by 1111 21111. 311 1111111111.

31. 3111111111, 1711111111. See wimhestor.

3121111111, 31131111. 3113113111.

31711111191ὸὲ11ῗ9ωο Sancto victorio), 111111
1, .· .

31111111, flium, 132.

31111111, 31111111. 31131111111.

sni-bur . 11111111 11, 111, 199, 205, Q, 230.
261, 238, 273, 291, 297.

......... &madefiat 11, 1111111111,

11

.......... St 1111111111’1,111·11111 11, 201. Sa
aluo Congo, John.

3111111111, 1111111111, 247.
111111, 239, 240, 243, 247, 243. 252,
253. 254, 258. 259, 260, 266, 111111.
273, 274. 3111111311111111111,111.
111111,111111,119.
salt, Η1111111, 3.
sanford, william 111, 218.
Sampson, Geofftey. 65.
.......... 111171.
.......... 1111111111, 65.
.......... 1711111115.
311111 011111. 31131. 011111.
1111111111, 1111111111, 233. 278.
ι 311111316111, Roget (11, 132.

effide 1111111, 111111 1111 1111116111

¹⁶!

 

