INDEX OF PLACES.

11111101ῧο [ixi 8001001001
will· 11111118 11110010 010], 1111101011,
1ι.1310110ιο2040131.έο111111110111011, 1101001101,

1111110000, 11011011οῐ0. 1111111000, 1111000010,
8011011, 80, 51, 100.

11111101ος100. 800 1111101011οο

1181001011, 11110111, 11010101, 176.

.......... 1101011000, 11110111, 1101001101, 184.

1181101800. 80011111101800.

1111100010 [10 Old 8110110181 1111000010,
1101111011, 191.

1100110100,

1181001111ςο100, Wilmelloyghton. 800 110101-

aig ton.

1111001100. 8001110001000.

wamiam, 1110001110001111, 188.

.......... 1111010100, 01011008 01, 108.

...,10000101,108.

1111000010 [10 1000101101, 1101111011, 180.

......... And 101 1111011010. ,

111111018180001010011 hundred), 11110100-
1018,111110,2Ι ,271,272.

.......... 0110101101,292.

......... (0080181100 hundred), 1110001018,
1111011018, 111110, 190, 278.

111111οἓ [10 Ηο111ος100], 1111111010, 11111101,
00001, 188, 101.

1111100, 1111100, 111110, 271.

.......... 1010011101. 201, 228.

........ ,0110111100 01 :-
Bulbridge (1101111131), 290.
0110101001οο (0110110100), 295.

· 11011 1110111, 295.

81. Andron, 295.
81. 111011, Brund street, 295.
81. 11011, west 811001, 295. -
81. 11100001, 1110101011, 295.
.......... south 811001, 205.
81. 1110001011011110, 295.

......... 2511 Qut 80811101, 1111100, wiltu,

11110111. See Willoughby 1101011000.
11101100, 1101000101, 181.

11101111οἁ00, 1110101800, 1111101800, 11101-

001800, 801101, 100, 120.
.......... 01101011 01, 119.
11100100018,1110100110018, 1101000101, 181.
1110001000 [in WhitohurohJ, 1180100100,
11010101, 175.
wincheim, 1110010100, 801011, 151.
1110801100 [10 81011011 1110111100, 1110-
101100, 1101111011, 174, 189.
1101810111οω, 1110801010001, 801101, 108.
.......... 0110101101, 117.
111018018, 1110101880, 801101, 87, 08.
111010οἳ1ιὶ1ἰί 1110010180, 11101018111110, 210.

.......... 11001018, 0110101101, 292.
111001οἑιὲἰο 810810181, 1110001101, 111110,

11100100, 11100100, 800011, 42, 92, 98.

455

s 1110101500100 11000011, 11101011οω0 namt..
1 111110,200.209.
' ................... 0110101101, 284.

......... 1111101101, 11101011οω0 (1110101-
110010)1)00010001, 111110, 200, 289.

.................. 0110101101, 289.

.......... 110110, 111010100010, 11ίο1010100

1 00101111, Ηο01101010101100100, 111110,
200210, 289, 240.

.................... 0110101101, 289.

0011001, 111010110100(1110101110010)
000001 (0000010), 111010110010,
0001101111, 111110, 200, 289.

................ 11101010οῐ00 cherborgh,
0110101101, 289.

1100110011 010111010οΜ0οω1101001,
wiltu, 205, 9.

................... 0110101101, 285.

1 8101οἀ411101011001011010111111, 208,

1 ......... ,2ῗῖ ...... ’0100 01, 100.

1 1110101ᾜο 00011111. su 1110101100100,

1

0011010001. 800 1110101100010,

00001001.
......... (100001 (0000010), 800 Winter-
100100 (100001.
111111010Ιο0, 111110, 0110101101, 288.
.........,11001, 11101010010110, 1110110110110,
111110,199,215,225,241. ’
.......... 11001, 1110101010110, 1110111101οπ0,
111111, 200, 210, 229.
11100031108111101001 1100110100, 800001,

1111101. 8001111101.

1111111018, (11001, 111001101001(1111101101018.
1 Regilffisswyolord), 111ος00, wiltz,
1 .................... 0110101101, 297.

“ 00111, wiltu, 100, 215. 113.
1 .................... 0110101101,297.

1111101ἰ2141101101, 1111000101, 801101, 108,

1111001. 111001, 1110001, 8011011, 80, 57.
1 11100101100,11100100,8011011, 10000101, 981,
1 11101101. 8001110101.
11111001101101111101000, 1110100, 111000-
1000, 80110111, 27, 48, 08.
.......... 01000101, 104.
,1311111600000100 11011000100, 800101,

1110100, 1111000101, 185.

1111011010. 800110011101.

1111000011. 800 1111110000.

witham. 800 1111100000.

1111110010, 11111000101101000101, 180.

11110018010. 8001111001101.

11110010010180. 800 11111101111018.

1111101101, 11110018010, 1101000101, 188.

111111οῗ81ιέ0ὲῇ 0101111101108010, 801-
0, , .

1110101080Ιά, 11111010010180, 110801001018,
8111101145, 70.

 

