450

211100 [10 8010011010, 2011100, 21011011,

20110100, 201100, 2010100, 801101, 130,

182, 146, 172, 178.

“ 2110001111, 8011011110.

21011000 [10 11001οξ0101 20011100, 21011100,
171111, 210, 29.
2111100, 21110100, 81111010, 7.

2111101οο 800 11101100. 201.
2111οᾳέ29213151501011, 21001011, wiltu, 211,

, 2111011 (110),0111101101,298.
2111100111. 8002111111.

21111110. 800 211101.

2000100010. 800 21110οε01.

INDEX OF PLAOES.

2000100. 800 20011011.

1 2101100. See 2101100.
l 2111101οέ6 21101010, 2101000. 801101, 141.

.......... 0000101110, 010101, 110.
.......... 1101111101, 164.
2100101110, 2100101100, 1701001101, 606812,

......... ῗο181010101, 817.
2101010. 800 21111010.

1 2110101010. 800 21110101.
1 21000,8οι101,158.

21100100. See 21011010.

Ι 2100111001, 21101010. 8111101012.

1100102110121000.1110011109, ε mm, 10011. 10011011.

.......... 0110101 01, 118.

21000101 [10 810001 21100100010, 2111100010,
2113101010, 2111000010, 81011010, 8, Ι

211111,32111211021ἰ1,2ξ111110,21111110, 81011010, ἓ

1000010101, 10.

1 21101101, 2101001010, 8011011, 84.
, 2100100, 2111001008011011, 46, 70.

210110 ,2111100801000141150 ,
........,, 0110101101,166.

2101111010, 2100111110, 01110110, 218.
.......... 0101011 01, 291.

21010111 [10 1101011001 211010, 801001, 186.

mnium. 0011001110, 001 aaa 1101, Ι 111011ῂ11011- Tmou· Stafford, 1111011.

wilte, 207, 214, 222, 277.
.......... 20111101, 01010101, 285.
2000101100 [10 Upper 80001011, 201101100,
201101100, 801101, 160, 142.
2000011001. 800 2000001001.
2000101. 800 210111.
[10010115ἑο001 01000011 20001110, 801101,

......... 1ἑὲοτ 1111010111121100011010, 801101,

20010100. 800 200000111ιο.
201110102011001101. 800 2001001110.
2010100, 20110100. 800 211100
2011010 110101, 20110100, wiltu, 201, 250, 251.
.......... 0110101 01, 293.

2011100. 800 2111101100.

2001110111. 800 2001110111.
2000110111. 800 2110110111.

2001111111. 800 2011111111.

2001101, 201101, 801101, 110101 01, 112.
........ Book, 201101 Book, 801101, 107.

......... 01010001, 201101010001, 201101
0101101011, 801101, 101, 126.

2011000010, 2011001010, 10 1110101111, 8011011,
10000101, 70, 101.

2011011100. 800 2011101100.

2011101. 800 2011101, 12011.

2011111111ἓέ, 1ἓ11151101000, 2011101100, 8111101,

2011001, 2001010, 8011011, 01, 46, 75. ·
201101 110011. 800 2001101 Book.
200011010001. 8002001101 01010001.
20001100. 800 20001011οο.

201110100111 [10 1101110101 201101001110,
800001, 133.

201101. 8002001101.
......... 0111001011. 800 200110101110001.
2011011011. 800 2000101100.

2000001010 [0111101010 1000100 ,2000010110
2000011001, 2000110108 011, 63, 41,
ὃὸᾐιὲὺοώ hundred} 2000111010,
2001011010, 2000011101, 8011011, 82. 47,

wopa? 700 111011.

200011010οο. 8002111101100.

2000110111. 800 2101101111, North.

200111111οΞ11 ὲο1101001 2011011011 (01018111

.......... 20011011, 8011011, 41, 87.

2011011, 801101, 160.

2011011, 20001011, stafford, 11.
21110101ὴ211100101, 0100001101, 0110101101,

21101100. 80021110110081. 1110110101.
2101001001. 800 2100110111,
2100001010. 800 21000010. ,
2100110101οο 800 2100101100.
2111011100. 810 21111000.
2100101100. 810 2111101100,
210011011100. 800 2111110011.
21110100, 2111101100. 800 2111101100.
211010010 [101101001018100010. 7.
21011100. 800 21011000.

21001011. 8002111011.

21110001. 800 211101.

2110000111, 2111000010. 800 2111011101.
21000, 2110, 17011101, 174.
21110112οὲ12, 2000101000, 21001101ωο, wiltu,

.......... 1101100011, 0111101101, 20ss, 210, 262.
.......... 110001, 262.
.......... 11101000 01, 298.

211101 [0001- 0011010101. 2111010, 801101, 108.
2101110. See 211111,

 

