INDEX OF 10110116.

0000ος010100, Philip 00, 160.
06010001,1060, 162.

.......... 6106010622.
0600608111ἓο006006011000, John, 111, 611,

.......... 6106010, 219.

.......... Roget 10, 01 61010 11001000, w.
...·......, 1701101, 216.
06010600ώο60010610,0010010, 11006 00 10,

·········· 6106010, 266.
.................... 01 60100, 19.
·········· Ι11101000 00, 01 61010 11001000, 26.
0110000000, Simon, 276.
060000, 61060100, 266.
01000100, 60601110, 66.
0610100010, 11011601 00, 01 60611001οη00, 26.
0601100, John, 216.
06011100, 610100, 221.
0101001, Simon. 67 , 96.
06000610. su 06010610.
0600000. 60001, 016000010111.
0601001001, 1060, 116
060000100, 100000 do, 67.
0601010110,Ρο101, 101.
0601060, 101000 0110101.
.......... 6106010 001, 66.
06011110, Adam 00, 21.
060000, william, 626
06001000, 60001, 216.
06011101, 17111100, 216.
010101, 1060, 74.
0100000, John, 267.
01000000, 1060, 267, 266, 276.
01011, 01010, 6110000, 262.
.......... 0001110010, 218.
.......... 000100. 276.
.......... 10610221.
.......... 6010110, 216.
.......... 60106 10, 90.
.......... 6106010, 626.
.......... 606011, 267.
.......... 6100600, 01 6101600600. 70.
.......,,’11601000, 102.
.......... 77111100, 266.
10, 01 11101100, 90.

0106010, 106000, 197.
010101060, 222, 276.
0060101060, 101.

001, 1060, 166, 167, 262.
.......... Philip, 216.

......... See 0001.

001000, 0010100, 00011100, 70.
.......... william, 101.

0010, 1060, 00 Novo 000110, 20.
00101010,111060100 00, 01 1101160101, 26.
00101, 60601110, 161.

00101011, 11001000, 242.
.......... 101000, 66.

00100601, 17111100, 100.
00110600, 60101000 00, 60. ·
Ookkyn, 1060102.

00106010, 6106010, 162.
colonatu. John 00, 67.

0010, 1060, 269.

......... 6106010, 240.
.......... 7011100622.
001010, 1701101, 266.
0010110116106010, 104.
0011001, 106010, 96.

0010100, 1701101, 221. ·
00111110, 00111110, 1701101, 99.
00100, 60101. 117119, 166, 167.
60106272.
00100000, 1060, 196.

001060, 106000, 216, 240.
.......... 6106010 00, 216.
........ , 6106010 otte. W.
........‚ 606011, 226

.......... 6100600, 266
0000111011. 1060, 220.
001000110010626.
00001010, 606011, 010000101019.
(10011060, 226, 216.

,..,...,, 7101101, 221.

’ 0010000000100.

.......... 6106011110, 01600010, 70.
.......... 1101100612.
........ See 001.
00010, John. 19.
00000001, John 00, 24. ·
00160110, 1701101, 0011110621.
00100100, 60106, 227.

; 0011,1060,0161000,629.

0 00100011006000100, 217.

, 00100006077111100266.
00010, 00000, Peter. 67, 96.
..,..,...,171111010,66.

ζ 00100. Thomu, 164.
001100. 61060100 00, 61.
0001000,1060, 248.
0000010. 6010011001.

’ 00011000171111010246.

, 0010, 170110100, 67.
.......... 1711160106.

¹ conlo, 60106, 99.

“ 0011001, 0000010, 1060, 19, 266, 267, 267.
010110106οἑ01ἐὲ60 00, 0601111 01 7100101010-

00, .

01000,771111010, 100.
0101101000, Thomu, 247.

“ 0000000101000 10, 60.
0011001011,1060 00, 160.
nullum, 77111100, 66.

, 001, 1711110060.

 

