464

11001006 [10610001 6011006, 60011οο111.
1101000 Regin. See King's 6001000
60011000. 600 6000100000.

1106100000, 1001000100, 161.

11060000, 600001, 144.

1100011013. 600 60010000.

11011006. 600 11001006. A
Meldyng‚ Meldynge. 6001111610.
111³1101112231141331136]5 161ῗὲ1006, 1101101006, 6011011,

............ ......, monor 01, 104.

1101101000, 1601100110ιο, wiltu, 612.

.......... 01000101, 691.

11011000. 6001601110.

1101101006. 6006011006.

601100. 600 Mella.

1101110, 11011000.1401100,6011011,64, 16, 67.
160110, 1101110, Molles, 6011011, 69, bs.
1101100, 6011011, 46

[1100010001 1001000100, 186.
1101000. 600 11110101.

1100001οἕ860 6000010071 Mymbury. 111110

11006110ιο, 6011011111. 66.

6006100100, 6006110100, 6011011, 6166.
1100600,11006000. 600 1100600.
11000. 60011000.

........., 110000, 11610111, 666, 666.
.................... 01000101696.
.................... 0100000001, 661.
60006000. 6001100600.

6001016, 60011. 600 6000001016
60316000. 600 600600.
6001600011006100110, 11000101, 191.
6000000, Mem, 600000, surrey, 106.
.......,01000101,117.

11000010. 6001100010. Ι -
60000110010101. 600 11000100 1011011.
600010160. 60011οω1016.

600010100. 600 6000100 601000.
60001100 600 6000100

......... 1101111100. 600 11000100, 11011000,
.......... North. 600 600010066οο0.
6000010100. 600 6000100.

1100011000. 600000, 01000101, 119.
11000100. 600 11000100, 010.

.......... 600000, 117.

.................... 010001 01, 169.

......... 1001010100. 600 1006000100.
......... juxta 61011006 600 14000100
......... Quilly. 600110001οο culy.
1100100. 6001100110.

1100100. See 600100, 1600100, 1100110, and '

1100110 6000100600.

600100, 600000, 106.

.......... 010001 ο1,116.

600000. 600 600000.

11011ος0. 600 60010000,

60111 nm, 6011ος100, 6010031000,
011011. 40, 61.

INDEX OF PLAGES.

61001000,11101010. 600 1111011000.
1011011016. 61601016, 6001010160, 1101011016,
1411011016, 6011011, 65, 16. 96.

6101101000, 1111011000, 61110100, 6111110οι,
6111011000, 600000, 166.

“ .......... 010001 01, 114.

1116601100. 6006166101οο and Milton.

1116611100 600 1116610100.

616610100. See 6110100.

6166101000, 6166111000, 6011011, 6616, 66.

.. ......, 600000. 600 Milton 00001.

.. ,ιέἐίᾶιξέοιῃ 1116601100, 600000, 166,

.................... 0001006 01, 166.

.......... 16166111006000101, 169.

......... {pf wamia-ter} 1116601100, wiltu.
4 , ,

......... 1011101οο. 600 1111100 11110000.

61601016, 600 61016016.

1116100001, 1000031 of. 600000, 140.

6161000010, 6161000010. 600 100001, 616.

61610100, 600 1116610100.

1111011016. 600 61016016.

1111011000, 1111111000, 6111010100, 601101100.
600 1110110100.

1111100000 [10 1110110 ThoreJ, 6111000106,
110010000606,196.

6110010 1,[ἱίΰῖ 61οἓ100 on 10001 6010010. 1100-

'a'

611600, 11016010, 60160030, 611610ςί0,
6011011, 66, 46, 69.

6116001011, 6116001010, 6011011 41.
................... 00000001, 97.

.......... 6116001010, 11160611, 666.

........ ., ........, 0100010 01, fflss.

66600100. 6006110100. A

Mildingis. 6001111600.

61600119ἑί10 Ιιο00001001], 60101006, wiltu.

611101οἓοὥ [10δ 1001001016, Mu1moeyeyn,
Mimorfflomiddinthn, 000000, wau, 000,

.......... 01000101, 669.

611100 court [0000 1100111111. 1116610100,
middelton, Sumy, 109, 166.

1111100 16110000, 1106011410. 1116610100, Mid-
610100 10060100, 1111100, 111110, 6116,
616, 661, 666.

......... 010001 01, 666.

1 1111000100,1101000100, 11000101, 117, 196.
11110101,1101ογ0, 1101000101, 61011006. 4. 12

Minty, 111me, 111110, 01000101, 666.
6100000111 [10 6006000111 1110000011,
11000101, 160.

66100100, 6000100100, heims, 164.
61101000. 6101000, 1410011000, Suum, 116.

164, 161.
........ ,010001 01, 116.

......... vinage 01, 116.

 

